<executionContext>
<trimerDatabase>
<parameterSet xmlns='http://meister.chem.pitt.edu/parameterSet'>
</parameterSet>
<monomer name='hgly'>
 <residue>
  <atom id='1' name='C' element='C' hybrid='sp3' type='CT' chg='0'/>
  <atom id='2' name='H' element='H' hybrid='sp' type='HC' chg='0'/>
  <atom id='3' name='H' element='H' hybrid='sp' type='HC' chg='0'/>
  <atom id='4' name='N' element='N' hybrid='sp3' type='N' chg='0'/>
  <atom id='5' name='H' element='H' hybrid='sp3' type='H' chg='0'/>
  <atom id='10' name='C' element='C' hybrid='sp2' type='C' chg='0'/>
  <atom id='11' name='O' element='O' hybrid='sp2' type='O' chg='0'/>
  <bond order='single' from='1' to='3'/>
  <bond order='single' from='1' to='2'/>
  <bond order='single' from='1' to='10'/>
  <bond order='single' from='1' to='4'/>
  <bond order='single' from='4' to='5'/>
  <bond order='double' from='10' to='11'/>
 </residue>
 <comment>
 </comment>
 <head>1 4 </head>
 <center>1 4 </center>
 <tail>1 4 </tail>
 <headAxes>1 4 10 </headAxes>
 <tailAxes>1 4 10 </tailAxes>
 <outLink>4 10 </outLink>
 <terminatorType type='start'/>
</monomer>
<monomer name='pro4(2r4r)'>
 <residue>
  <atom id='17' name='CAC' element='C' hybrid='sp2' type='C' chg='0'/>
  <atom id='18' name='OA' element='O' hybrid='sp2' type='O' chg='0'/>
  <atom id='19' name='CA' element='C' hybrid='sp3' type='CT' chg='0'/>
  <atom id='20' name='HA' element='H' hybrid='sp3' type='HC' chg='0'/>
  <atom id='23' name='NA' element='N' hybrid='sp3' type='N' chg='0'/>
  <atom id='24' name='CD' element='C' hybrid='sp3' type='CT' chg='0'/>
  <atom id='25' name='HD2' element='H' hybrid='sp3' type='HC' chg='0'/>
  <atom id='26' name='HD1' element='H' hybrid='sp3' type='HC' chg='0'/>
  <atom id='27' name='CG' element='C' hybrid='sp3' type='CT' chg='0'/>
  <atom id='28' name='CB' element='C' hybrid='sp3' type='CT' chg='0'/>
  <atom id='29' name='HB1' element='H' hybrid='sp3' type='HC' chg='0'/>
  <atom id='30' name='HB2' element='H' hybrid='sp3' type='HC' chg='0'/>
  <atom id='31' name='CGC' element='C' hybrid='sp2' type='C' chg='0'/>
  <atom id='32' name='OG' element='O' hybrid='sp2' type='O' chg='0'/>
  <atom id='34' name='NG' element='N' hybrid='sp3' type='N' chg='0'/>
  <atom id='35' name='HN' element='H' hybrid='sp3' type='H' chg='0'/>
  <bond order='single' from='17' to='19'/>
  <bond order='double' from='17' to='18'/>
  <bond order='single' from='19' to='20'/>
  <bond order='single' from='19' to='28'/>
  <bond order='single' from='19' to='23'/>
  <bond order='single' from='23' to='24'/>
  <bond order='single' from='24' to='25'/>
  <bond order='single' from='24' to='26'/>
  <bond order='single' from='24' to='27'/>
  <bond order='single' from='27' to='28'/>
  <bond order='single' from='27' to='31'/>
  <bond order='single' from='27' to='34'/>
  <bond order='single' from='28' to='29'/>
  <bond order='single' from='28' to='30'/>
  <bond order='double' from='31' to='32'/>
  <bond order='single' from='34' to='35'/>
 </residue>
 <comment>
 </comment>
 <head>19 23 </head>
 <center>19 27 </center>
 <tail>27 34 </tail>
 <headAxes>19 23 17 </headAxes>
 <tailAxes>27 34 31 </tailAxes>
 <inLink>17 23 </inLink>
 <outLink>34 31 </outLink>
 <terminatorType type='body'/>
</monomer>
<monomer name='pro4(2s4s)'>
 <residue>
  <atom id='17' name='CAC' element='C' hybrid='sp2' type='C' chg='0'/>
  <atom id='18' name='OA' element='O' hybrid='sp2' type='O' chg='0'/>
  <atom id='19' name='CA' element='C' hybrid='sp3' type='CT' chg='0'/>
  <atom id='20' name='HA' element='H' hybrid='sp3' type='HC' chg='0'/>
  <atom id='23' name='NA' element='N' hybrid='sp3' type='N' chg='0'/>
  <atom id='24' name='CD' element='C' hybrid='sp3' type='CT' chg='0'/>
  <atom id='25' name='HD2' element='H' hybrid='sp3' type='HC' chg='0'/>
  <atom id='26' name='HD1' element='H' hybrid='sp3' type='HC' chg='0'/>
  <atom id='27' name='CG' element='C' hybrid='sp3' type='CT' chg='0'/>
  <atom id='28' name='CB' element='C' hybrid='sp3' type='CT' chg='0'/>
  <atom id='29' name='HB1' element='H' hybrid='sp3' type='HC' chg='0'/>
  <atom id='30' name='HB2' element='H' hybrid='sp3' type='HC' chg='0'/>
  <atom id='31' name='CGC' element='C' hybrid='sp2' type='C' chg='0'/>
  <atom id='32' name='OG' element='O' hybrid='sp2' type='O' chg='0'/>
  <atom id='34' name='NG' element='N' hybrid='sp3' type='N' chg='0'/>
  <atom id='35' name='HN' element='H' hybrid='sp3' type='H' chg='0'/>
  <bond order='single' from='17' to='19'/>
  <bond order='double' from='17' to='18'/>
  <bond order='single' from='19' to='20'/>
  <bond order='single' from='19' to='28'/>
  <bond order='single' from='19' to='23'/>
  <bond order='single' from='23' to='24'/>
  <bond order='single' from='24' to='25'/>
  <bond order='single' from='24' to='26'/>
  <bond order='single' from='24' to='27'/>
  <bond order='single' from='27' to='28'/>
  <bond order='single' from='27' to='31'/>
  <bond order='single' from='27' to='34'/>
  <bond order='single' from='28' to='29'/>
  <bond order='single' from='28' to='30'/>
  <bond order='double' from='31' to='32'/>
  <bond order='single' from='34' to='35'/>
 </residue>
 <comment>
 </comment>
 <head>19 23 </head>
 <center>19 27 </center>
 <tail>27 34 </tail>
 <headAxes>19 23 17 </headAxes>
 <tailAxes>27 34 31 </tailAxes>
 <inLink>17 23 </inLink>
 <outLink>34 31 </outLink>
 <terminatorType type='body'/>
</monomer>
<monomer name='tgly'>
 <residue>
  <atom id='22' name='N' element='N' hybrid='sp3' type='N' chg='0'/>
  <atom id='23' name='H' element='H' hybrid='sp' type='H' chg='0'/>
  <atom id='26' name='C' element='C' hybrid='sp2' type='C' chg='0'/>
  <atom id='27' name='O' element='O' hybrid='sp2' type='O' chg='0'/>
  <atom id='28' name='C' element='C' hybrid='sp3' type='CT' chg='0'/>
  <atom id='29' name='H' element='H' hybrid='sp' type='HC' chg='0'/>
  <atom id='30' name='H' element='H' hybrid='sp3' type='HC' chg='0'/>
  <bond order='single' from='22' to='23'/>
  <bond order='single' from='22' to='28'/>
  <bond order='single' from='26' to='28'/>
  <bond order='double' from='26' to='27'/>
  <bond order='single' from='28' to='30'/>
  <bond order='single' from='28' to='29'/>
 </residue>
 <comment>
 </comment>
 <head>28 22 </head>
 <center>28 22 </center>
 <tail>28 22 </tail>
 <headAxes>28 22 26 </headAxes>
 <tailAxes>28 22 26 </tailAxes>
 <inLink>26 22 </inLink>
 <terminatorType type='stop'/>
</monomer>
<conformation name1='-' name2='hgly' name3='-' energyOrder='0'>
 <restraintList>
 <restraintChirality abs='0' atomA='1' chirality='-1'/>
 </restraintList>
 <headTransform>
  <matrix4x4> 0.32339 0.0197915 0.946059 0 0.692091 -0.686755 -0.22221 0 0.645313 0.726619 -0.235787 0 1.25371 3.7072 -1.13153 1 </matrix4x4>
 </headTransform>
 <tailTransform>
  <matrix4x4> 1 0 0 0 0 1 0 0 0 0 1 0 0 0 0 1 </matrix4x4>
 </tailTransform>
 <forwardTransform>
  <matrix4x4> -0.922285 0.106687 0.371494 0 0.0976723 -0.865623 0.491077 0 0.373965 0.489198 0.787931 0 1.50986 2.26075 -0.987048 1 </matrix4x4>
 </forwardTransform>
 <backwardTransform>
  <matrix4x4> 1 0 0 0 0 1 0 0 0 0 1 0 0 0 0 1 </matrix4x4>
 </backwardTransform>
 <positions>
   <position atom='1' x='0.591689' y='1.42681' z='-3.76956'/>
   <position atom='2' x='-0.368742' y='1.74768' z='-4.17329'/>
   <position atom='3' x='1.3052' y='1.35831' z='-4.59103'/>
   <position atom='4' x='1.0638' y='2.43719' z='-2.82747'/>
   <position atom='5' x='1.49409' y='3.26019' z='-3.22432'/>
   <position atom='10' x='0.422385' y='0.0382656' z='-3.14027'/>
   <position atom='11' x='0.397226' y='-0.952363' z='-3.86992'/>
 </positions>
 <comment>
   </comment>
 <levelOfTheory>
   </levelOfTheory>
</conformation>
<conformation name1='-' name2='hgly' name3='pro4(2r4r)' energyOrder='0'>
 <restraintList>
 <restraintChirality abs='0' atomA='1' chirality='-1'/>
 </restraintList>
 <headTransform>
  <matrix4x4> -0.415914 -0.629432 -0.656377 0 0.775064 -0.622894 0.106203 0 -0.475701 -0.464563 0.74692 0 2.70168 6.20821 4.29122 1 </matrix4x4>
 </headTransform>
 <tailTransform>
  <matrix4x4> -0.415914 -0.629432 -0.656377 0 0.775064 -0.622894 0.106203 0 -0.475701 -0.464563 0.74692 0 2.70168 6.20821 4.29122 1 </matrix4x4>
 </tailTransform>
 <forwardTransform>
  <matrix4x4> -0.86495 0.191828 -0.46375 0 0.191309 -0.72826 -0.658057 0 -0.463964 -0.657906 0.59321 0 1.46084 2.06239 1.28041 1 </matrix4x4>
 </forwardTransform>
 <backwardTransform>
  <matrix4x4> 1 0 0 0 0 1 0 0 0 0 1 0 0 0 0 1 </matrix4x4>
 </backwardTransform>
 <positions>
   <position atom='1' x='7.84797' y='1.31734' z='0.964101'/>
   <position atom='2' x='7.79071' y='1.43554' z='2.05725'/>
   <position atom='3' x='8.90343' y='1.25285' z='0.692914'/>
   <position atom='4' x='7.24026' y='2.44982' z='0.269034'/>
   <position atom='5' x='7.79384' y='3.28511' z='0.113611'/>
   <position atom='10' x='7.20369' y='-0.017365' z='0.5877'/>
   <position atom='11' x='7.83625' y='-1.07026' z='0.613822'/>
 </positions>
 <comment>
   </comment>
 <levelOfTheory>dft </levelOfTheory>
</conformation>
<conformation name1='-' name2='hgly' name3='pro4(2s4s)' energyOrder='0'>
 <restraintList>
 <restraintChirality abs='0' atomA='1' chirality='-1'/>
 </restraintList>
 <headTransform>
  <matrix4x4> -0.512894 0.730539 -0.450835 0 -0.858443 -0.438814 0.265551 0 -0.00383791 0.523216 0.852192 0 -1.48527 6.62659 -3.50362 1 </matrix4x4>
 </headTransform>
 <tailTransform>
  <matrix4x4> -0.512894 0.730539 -0.450835 0 -0.858443 -0.438814 0.265551 0 -0.00383791 0.523216 0.852192 0 -1.48527 6.62659 -3.50362 1 </matrix4x4>
 </tailTransform>
 <forwardTransform>
  <matrix4x4> -0.843075 0.226636 0.487709 0 0.229173 -0.669007 0.707043 0 0.486522 0.70786 0.512084 0 1.42677 1.98972 -1.37856 1 </matrix4x4>
 </forwardTransform>
 <backwardTransform>
  <matrix4x4> 1 0 0 0 0 1 0 0 0 0 1 0 0 0 0 1 </matrix4x4>
 </backwardTransform>
 <positions>
   <position atom='1' x='-7.18232' y='2.56321' z='-0.487086'/>
   <position atom='2' x='-6.98327' y='2.92035' z='-1.50958'/>
   <position atom='3' x='-7.76664' y='3.32951' z='0.024975'/>
   <position atom='4' x='-7.9319' y='1.30862' z='-0.492695'/>
   <position atom='5' x='-8.94508' y='1.33647' z='-0.510356'/>
   <position atom='10' x='-5.85087' y='2.4363' z='0.256838'/>
   <position atom='11' x='-5.35806' y='3.37537' z='0.876581'/>
 </positions>
 <comment>
   </comment>
 <levelOfTheory>dft </levelOfTheory>
</conformation>
<conformation name1='-' name2='pro4(2r4r)' name3='-' energyOrder='0'>
 <restraintList>
 <restraintChirality abs='0' atomA='19' chirality='1'/>
 <restraintChirality abs='0' atomA='27' chirality='1'/>
 <restraintDihedral  abs='0' atomA='28' atomB='27' atomC='24' atomD='23' min='0.261799' max='0.610865' weight='100'/>
 <restraintDihedral  abs='0' atomA='28' atomB='19' atomC='23' atomD='24' min='-0.174533' max='-0.523599' weight='100'/>
 </restraintList>
 <headTransform>
  <matrix4x4> 0.00589649 0.481927 -0.876191 0 -0.772019 0.559096 0.302321 0 0.635572 0.674654 0.375354 0 0.242624 -1.23189 -0.47805 1 </matrix4x4>
 </headTransform>
 <tailTransform>
  <matrix4x4> 0.686809 -0.682849 0.24902 0 -0.573539 -0.298696 0.76278 0 -0.446482 -0.666707 -0.596788 0 -0.990912 -0.378764 0.412612 1 </matrix4x4>
 </tailTransform>
 <forwardTransform>
  <matrix4x4> 0.195545 0.11068 0.974429 0 0.646876 0.732249 -0.212985 0 -0.737098 0.671983 0.0715912 0 -0.344126 -4.42391 -2.28156 1 </matrix4x4>
 </forwardTransform>
 <backwardTransform>
  <matrix4x4> 0.184095 -0.00621423 0.982889 0 0.718269 0.683472 -0.130211 0 -0.670968 0.72995 0.130288 0 -3.159 -3.58999 -0.611784 1 </matrix4x4>
 </backwardTransform>
 <positions>
   <position atom='17' x='0.847936' y='2.27643' z='1.41944'/>
   <position atom='18' x='1.24222' y='3.16162' z='0.665149'/>
   <position atom='19' x='0.173388' y='1.02058' z='0.856333'/>
   <position atom='20' x='-0.865375' y='1.27296' z='0.639873'/>
   <position atom='23' x='0.181948' y='-0.100194' z='1.77902'/>
   <position atom='24' x='0.251081' y='-1.35679' z='1.04909'/>
   <position atom='25' x='1.15517' y='-1.88733' z='1.35195'/>
   <position atom='26' x='-0.619623' y='-1.97886' z='1.26121'/>
   <position atom='27' x='0.319181' y='-0.996194' z='-0.448708'/>
   <position atom='28' x='0.815731' y='0.461401' z='-0.412623'/>
   <position atom='29' x='0.511048' y='1.02032' z='-1.29853'/>
   <position atom='30' x='1.90234' y='0.487473' z='-0.305865'/>
   <position atom='31' x='-1.06742' y='-1.08137' z='-1.13616'/>
   <position atom='32' x='-2.08498' y='-0.744997' z='-0.529647'/>
   <position atom='34' x='1.32598' y='-1.83695' z='-1.10321'/>
   <position atom='35' x='2.14443' y='-2.08542' z='-0.566889'/>
 </positions>
 <comment>
   </comment>
 <levelOfTheory>
   </levelOfTheory>
</conformation>
<conformation name1='-' name2='pro4(2s4s)' name3='-' energyOrder='0'>
 <restraintList>
 <restraintChirality abs='0' atomA='19' chirality='-1'/>
 <restraintChirality abs='0' atomA='27' chirality='-1'/>
 <restraintDihedral  abs='0' atomA='28' atomB='27' atomC='24' atomD='23' min='-0.261799' max='-0.610865' weight='100'/>
 <restraintDihedral  abs='0' atomA='28' atomB='19' atomC='23' atomD='24' min='0.174533' max='0.523599' weight='100'/>
 </restraintList>
 <headTransform>
  <matrix4x4> 0.00589649 0.481927 0.876191 0 -0.772019 0.559096 -0.302321 0 -0.635572 -0.674654 0.375354 0 0.242624 -1.23189 0.47805 1 </matrix4x4>
 </headTransform>
 <tailTransform>
  <matrix4x4> 0.686809 -0.682849 -0.24902 0 -0.573539 -0.298696 -0.76278 0 0.446482 0.666707 -0.596788 0 -0.990912 -0.378764 -0.412612 1 </matrix4x4>
 </tailTransform>
 <forwardTransform>
  <matrix4x4> 0.195545 0.11068 -0.974429 0 0.646876 0.732249 0.212985 0 0.737098 -0.671983 0.0715912 0 -0.344126 -4.42391 2.28156 1 </matrix4x4>
 </forwardTransform>
 <backwardTransform>
  <matrix4x4> 0.184095 -0.00621423 -0.982889 0 0.718269 0.683472 0.130211 0 0.670968 -0.72995 0.130288 0 -3.159 -3.58999 0.611784 1 </matrix4x4>
 </backwardTransform>
 <positions>
   <position atom='17' x='0.847936' y='2.27643' z='-1.41944'/>
   <position atom='18' x='1.24222' y='3.16162' z='-0.665149'/>
   <position atom='19' x='0.173388' y='1.02058' z='-0.856333'/>
   <position atom='20' x='-0.865375' y='1.27296' z='-0.639873'/>
   <position atom='23' x='0.181948' y='-0.100194' z='-1.77902'/>
   <position atom='24' x='0.251081' y='-1.35679' z='-1.04909'/>
   <position atom='25' x='1.15517' y='-1.88733' z='-1.35195'/>
   <position atom='26' x='-0.619623' y='-1.97886' z='-1.26121'/>
   <position atom='27' x='0.319181' y='-0.996194' z='0.448708'/>
   <position atom='28' x='0.815731' y='0.461401' z='0.412623'/>
   <position atom='29' x='0.511048' y='1.02032' z='1.29853'/>
   <position atom='30' x='1.90234' y='0.487473' z='0.305865'/>
   <position atom='31' x='-1.06742' y='-1.08137' z='1.13616'/>
   <position atom='32' x='-2.08498' y='-0.744997' z='0.529647'/>
   <position atom='34' x='1.32598' y='-1.83695' z='1.10321'/>
   <position atom='35' x='2.14443' y='-2.08542' z='0.566889'/>
 </positions>
 <comment>
   </comment>
 <levelOfTheory>
   </levelOfTheory>
</conformation>
<conformation name1='-' name2='tgly' name3='-' energyOrder='0'>
 <restraintList>
 <restraintChirality abs='0' atomA='28' chirality='-1'/>
 </restraintList>
 <headTransform>
  <matrix4x4> -0.752531 0.625873 -0.20489 0 0.279026 0.0212038 -0.960049 0 -0.596525 -0.779637 -0.190591 0 2.44387 2.49258 -1.2543 1 </matrix4x4>
 </headTransform>
 <tailTransform>
  <matrix4x4> -0.752531 0.625873 -0.20489 0 0.279026 0.0212038 -0.960049 0 -0.596525 -0.779637 -0.190591 0 2.44387 2.49258 -1.2543 1 </matrix4x4>
 </tailTransform>
 <forwardTransform>
  <matrix4x4> 1 0 0 0 0 1 0 0 0 0 1 0 0 0 0 1 </matrix4x4>
 </forwardTransform>
 <backwardTransform>
  <matrix4x4> -0.963709 0.0586323 0.260438 0 0.0319688 -0.943215 0.330641 0 0.265036 0.326967 0.90711 0 1.60303 2.3777 -0.670181 1 </matrix4x4>
 </backwardTransform>
 <positions>
   <position atom='22' x='-1.07297' y='-1.53293' z='2.29406'/>
   <position atom='23' x='-2.00284' y='-1.63185' z='2.6755'/>
   <position atom='26' x='1.36292' y='-2.08168' z='2.43959'/>
   <position atom='27' x='2.30399' y='-2.62081' z='3.01763'/>
   <position atom='28' x='0.0220531' y='-1.93894' z='3.16208'/>
   <position atom='29' x='-0.234705' y='-2.89501' z='3.61875'/>
   <position atom='30' x='0.129728' y='-1.19802' z='3.95442'/>
 </positions>
 <comment>
   </comment>
 <levelOfTheory>
   </levelOfTheory>
</conformation>
<conformation name1='hgly' name2='pro4(2r4r)' name3='pro4(2r4r)' energyOrder='0'>
 <restraintList>
 <restraintChirality abs='0' atomA='19' chirality='1'/>
 <restraintChirality abs='0' atomA='27' chirality='1'/>
 <restraintDihedral  abs='0' atomA='28' atomB='27' atomC='24' atomD='23' min='0.261799' max='0.610865' weight='100'/>
 <restraintDihedral  abs='0' atomA='28' atomB='19' atomC='23' atomD='24' min='-0.174533' max='-0.523599' weight='100'/>
 </restraintList>
 <headTransform>
  <matrix4x4> 0.543397 0.810755 0.217706 0 -0.839132 0.532018 0.113204 0 -0.0240429 -0.244199 0.969427 0 -1.67424 -4.76313 -1.51722 1 </matrix4x4>
 </headTransform>
 <tailTransform>
  <matrix4x4> -0.356718 -0.798149 -0.4855 0 -0.451724 -0.307533 0.837478 0 -0.817739 0.518056 -0.250841 0 0.64413 3.09454 2.11689 1 </matrix4x4>
 </tailTransform>
 <forwardTransform>
  <matrix4x4> 0.214193 0.0555571 0.97521 0 0.787877 0.580319 -0.206108 0 -0.577383 0.812492 0.0805279 0 -0.47244 -4.20398 -2.42065 1 </matrix4x4>
 </forwardTransform>
 <backwardTransform>
  <matrix4x4> 0.187248 -0.152836 0.97035 0 0.885798 0.453271 -0.0995389 0 -0.424618 0.878172 0.220256 0 -3.53884 -3.07497 -0.831896 1 </matrix4x4>
 </backwardTransform>
 <positions>
   <position atom='17' x='5.92354' y='2.54469' z='-0.062348'/>
   <position atom='18' x='5.41875' y='3.54089' z='-0.568992'/>
   <position atom='19' x='5.10182' y='1.30092' z='0.267428'/>
   <position atom='20' x='4.67674' y='1.44102' z='1.27361'/>
   <position atom='23' x='5.90007' y='0.068236' z='0.232109'/>
   <position atom='24' x='5.12785' y='-1.09776' z='-0.191872'/>
   <position atom='25' x='5.60373' y='-1.558' z='-1.06632'/>
   <position atom='26' x='5.07968' y='-1.84533' z='0.603551'/>
   <position atom='27' x='3.72743' y='-0.530202' z='-0.545415'/>
   <position atom='28' x='3.98244' y='1.00005' z='-0.73226'/>
   <position atom='29' x='3.09297' y='1.61197' z='-0.564972'/>
   <position atom='30' x='4.33185' y='1.18275' z='-1.75439'/>
   <position atom='31' x='2.76195' y='-0.733933' z='0.643071'/>
   <position atom='32' x='3.16938' y='-0.742869' z='1.80472'/>
   <position atom='34' x='3.20531' y='-1.19138' z='-1.74232'/>
   <position atom='35' x='3.86446' y='-1.44217' z='-2.47292'/>
 </positions>
 <comment>
   </comment>
 <levelOfTheory>dft </levelOfTheory>
</conformation>
<conformation name1='hgly' name2='pro4(2r4r)' name3='pro4(2s4s)' energyOrder='0'>
 <restraintList>
 <restraintChirality abs='0' atomA='19' chirality='1'/>
 <restraintChirality abs='0' atomA='27' chirality='1'/>
 <restraintDihedral  abs='0' atomA='28' atomB='27' atomC='24' atomD='23' min='0.261799' max='0.610865' weight='100'/>
 <restraintDihedral  abs='0' atomA='28' atomB='19' atomC='23' atomD='24' min='-0.174533' max='-0.523599' weight='100'/>
 </restraintList>
 <headTransform>
  <matrix4x4> -0.31805 0.91347 -0.253803 0 -0.344898 -0.360841 -0.86651 0 -0.883113 -0.188058 0.42982 0 2.16831 -4.99966 0.316232 1 </matrix4x4>
 </headTransform>
 <tailTransform>
  <matrix4x4> -0.0653047 -0.890793 0.449692 0 0.896031 0.145985 0.419304 0 -0.439162 0.430321 0.788645 0 -0.508796 3.26668 -1.92127 1 </matrix4x4>
 </tailTransform>
 <forwardTransform>
  <matrix4x4> -0.57791 0.0920189 0.810896 0 -0.563018 0.674346 -0.477775 0 -0.590789 -0.73266 -0.337903 0 2.00641 -4.3483 -2.03672 1 </matrix4x4>
 </forwardTransform>
 <backwardTransform>
  <matrix4x4> 0.310915 -0.233048 0.921423 0 0.894751 0.398741 -0.201065 0 -0.320551 0.886958 0.332495 0 -3.70397 -2.92727 -0.562234 1 </matrix4x4>
 </backwardTransform>
 <positions>
   <position atom='17' x='6.81265' y='-1.09692' z='1.07567'/>
   <position atom='18' x='7.54852' y='-0.356699' z='1.71931'/>
   <position atom='19' x='5.33693' y='-0.782217' z='0.838714'/>
   <position atom='20' x='4.7576' y='-1.2439' z='1.651'/>
   <position atom='23' x='4.86825' y='-1.29046' z='-0.462645'/>
   <position atom='24' x='3.93261' y='-0.389791' z='-1.1317'/>
   <position atom='25' x='4.3627' y='-0.014002' z='-2.06785'/>
   <position atom='26' x='3.00031' y='-0.909369' z='-1.37782'/>
   <position atom='27' x='3.74069' y='0.784606' z='-0.113965'/>
   <position atom='28' x='5.00674' y='0.709081' z='0.770906'/>
   <position atom='29' x='4.85189' y='1.14434' z='1.75838'/>
   <position atom='30' x='5.82953' y='1.24434' z='0.282204'/>
   <position atom='31' x='2.47502' y='0.534799' z='0.740547'/>
   <position atom='32' x='2.51259' y='-0.114825' z='1.78529'/>
   <position atom='34' x='3.64512' y='2.0959' z='-0.756655'/>
   <position atom='35' x='4.50605' y='2.59263' z='-0.963734'/>
 </positions>
 <comment>
   </comment>
 <levelOfTheory>dft </levelOfTheory>
</conformation>
<conformation name1='hgly' name2='pro4(2s4s)' name3='pro4(2r4r)' energyOrder='0'>
 <restraintList>
 <restraintChirality abs='0' atomA='19' chirality='-1'/>
 <restraintChirality abs='0' atomA='27' chirality='-1'/>
 <restraintDihedral  abs='0' atomA='28' atomB='27' atomC='24' atomD='23' min='-0.261799' max='-0.610865' weight='100'/>
 <restraintDihedral  abs='0' atomA='28' atomB='19' atomC='23' atomD='24' min='0.174533' max='0.523599' weight='100'/>
 </restraintList>
 <headTransform>
  <matrix4x4> 0.378098 -0.925037 0.0367196 0 0.753793 0.284593 -0.592286 0 0.537437 0.251621 0.80489 0 2.46954 -5.27196 0.777278 1 </matrix4x4>
 </headTransform>
 <tailTransform>
  <matrix4x4> 0.341323 0.815917 0.466668 0 -0.567602 -0.216824 0.794239 0 0.749217 -0.535973 0.389109 0 0.600766 3.18599 2.08461 1 </matrix4x4>
 </tailTransform>
 <forwardTransform>
  <matrix4x4> -0.555649 0.112249 -0.823805 0 -0.516126 0.730238 0.447622 0 0.651819 0.673908 -0.347822 0 1.92669 -4.39284 2.09183 1 </matrix4x4>
 </forwardTransform>
 <backwardTransform>
  <matrix4x4> 0.309316 -0.230291 -0.922653 0 0.890424 0.410774 0.195984 0 0.333869 -0.882174 0.332116 0 -3.67054 -2.96888 0.579129 1 </matrix4x4>
 </backwardTransform>
 <positions>
   <position atom='17' x='-7.36539' y='0.073113' z='-0.57588'/>
   <position atom='18' x='-8.00785' y='-0.970258' z='-0.626705'/>
   <position atom='19' x='-5.83903' y='0.099211' z='-0.626309'/>
   <position atom='20' x='-5.53665' y='0.201318' z='-1.6782'/>
   <position atom='23' x='-5.28192' y='1.20989' z='0.165579'/>
   <position atom='24' x='-4.05569' y='0.856065' z='0.875705'/>
   <position atom='25' x='-4.20906' y='0.914359' z='1.96002'/>
   <position atom='26' x='-3.24257' y='1.54276' z='0.616481'/>
   <position atom='27' x='-3.77738' y='-0.623887' z='0.446359'/>
   <position atom='28' x='-5.16068' y='-1.13262' z='-0.025804'/>
   <position atom='29' x='-5.08188' y='-1.95252' z='-0.740146'/>
   <position atom='30' x='-5.73722' y='-1.48361' z='0.838351'/>
   <position atom='31' x='-2.77266' y='-0.638981' z='-0.727815'/>
   <position atom='32' x='-3.14173' y='-0.505913' z='-1.89492'/>
   <position atom='34' x='-3.27794' y='-1.45443' z='1.54265'/>
   <position atom='35' x='-3.95691' y='-1.85179' z='2.18486'/>
 </positions>
 <comment>
   </comment>
 <levelOfTheory>dft </levelOfTheory>
</conformation>
<conformation name1='hgly' name2='pro4(2s4s)' name3='pro4(2s4s)' energyOrder='0'>
 <restraintList>
 <restraintChirality abs='0' atomA='19' chirality='-1'/>
 <restraintChirality abs='0' atomA='27' chirality='-1'/>
 <restraintDihedral  abs='0' atomA='28' atomB='27' atomC='24' atomD='23' min='-0.261799' max='-0.610865' weight='100'/>
 <restraintDihedral  abs='0' atomA='28' atomB='19' atomC='23' atomD='24' min='0.174533' max='0.523599' weight='100'/>
 </restraintList>
 <headTransform>
  <matrix4x4> -0.620878 -0.77806 -0.0955668 0 0.578031 -0.536752 0.614636 0 -0.529519 0.326373 0.783001 0 -1.86461 -4.42767 0.31425 1 </matrix4x4>
 </headTransform>
 <tailTransform>
  <matrix4x4> 0.053078 0.878409 -0.474952 0 0.870001 0.192794 0.453793 0 0.490184 -0.437295 -0.753984 0 -0.557209 3.18349 -1.99326 1 </matrix4x4>
 </tailTransform>
 <forwardTransform>
  <matrix4x4> 0.228601 0.0230853 -0.973246 0 0.847882 0.486522 0.210695 0 0.47837 -0.873363 0.0916458 0 -0.59529 -4.11757 2.39176 1 </matrix4x4>
 </forwardTransform>
 <backwardTransform>
  <matrix4x4> 0.165761 -0.124623 -0.97826 0 0.881793 0.462882 0.0904479 0 0.441547 -0.877616 0.18662 0 -3.53289 -3.08545 0.826661 1 </matrix4x4>
 </backwardTransform>
 <positions>
   <position atom='17' x='-5.2953' y='-2.59068' z='0.985976'/>
   <position atom='18' x='-4.82756' y='-3.07206' z='2.01257'/>
   <position atom='19' x='-4.57266' y='-1.49191' z='0.211669'/>
   <position atom='20' x='-3.85298' y='-1.98239' z='-0.462622'/>
   <position atom='23' x='-5.48442' y='-0.64307' z='-0.565931'/>
   <position atom='24' x='-4.99785' y='0.728873' z='-0.705364'/>
   <position atom='25' x='-5.75784' y='1.42799' z='-0.336357'/>
   <position atom='26' x='-4.79152' y='0.967108' z='-1.75162'/>
   <position atom='27' x='-3.71354' y='0.775543' z='0.162373'/>
   <position atom='28' x='-3.84681' y='-0.472272' z='1.09359'/>
   <position atom='29' x='-2.88981' y='-0.844207' z='1.46664'/>
   <position atom='30' x='-4.46924' y='-0.210508' z='1.95624'/>
   <position atom='31' x='-2.46228' y='0.601315' z='-0.730686'/>
   <position atom='32' x='-2.50841' y='-0.006202' z='-1.79988'/>
   <position atom='34' x='-3.63582' y='2.04945' z='0.88013'/>
   <position atom='35' x='-4.50185' y='2.50504' z='1.14957'/>
 </positions>
 <comment>
   </comment>
 <levelOfTheory>dft </levelOfTheory>
</conformation>
<conformation name1='pro4(2r4r)' name2='pro4(2r4r)' name3='pro4(2r4r)' energyOrder='0'>
 <restraintList>
 <restraintChirality abs='0' atomA='19' chirality='1'/>
 <restraintChirality abs='0' atomA='27' chirality='1'/>
 <restraintDihedral  abs='0' atomA='28' atomB='27' atomC='24' atomD='23' min='0.261799' max='0.610865' weight='100'/>
 <restraintDihedral  abs='0' atomA='28' atomB='19' atomC='23' atomD='24' min='-0.174533' max='-0.523599' weight='100'/>
 </restraintList>
 <headTransform>
  <matrix4x4> 0.373744 0.853755 0.362515 0 -0.0397806 -0.375725 0.925877 0 0.926678 -0.360463 -0.106462 0 0.592554 -1.45756 0.312346 1 </matrix4x4>
 </headTransform>
 <tailTransform>
  <matrix4x4> -0.565039 -0.744208 -0.356209 0 -0.713652 0.657501 -0.241645 0 0.414042 0.11767 -0.90262 0 -1.63496 0.133298 -0.154411 1 </matrix4x4>
 </tailTransform>
 <forwardTransform>
  <matrix4x4> 0.242309 0.0513561 0.968839 0 0.828651 0.508419 -0.234198 0 -0.504603 0.859577 0.0806381 0 -0.576475 -4.18163 -2.31012 1 </matrix4x4>
 </forwardTransform>
 <backwardTransform>
  <matrix4x4> 0.185355 -0.12776 0.974331 0 0.884954 0.452745 -0.108986 0 -0.4272 0.882439 0.196981 0 -3.58855 -3.05347 -0.861732 1 </matrix4x4>
 </backwardTransform>
 <positions>
   <position atom='17' x='1.89204' y='-1.31829' z='-2.0884'/>
   <position atom='18' x='1.51889' y='-1.78102' z='-3.15955'/>
   <position atom='19' x='0.909706' y='-0.813263' z='-1.04125'/>
   <position atom='20' x='0.662526' y='0.228573' z='-1.29752'/>
   <position atom='23' x='1.4581' y='-0.871633' z='0.318462'/>
   <position atom='24' x='0.428627' y='-1.10397' z='1.33291'/>
   <position atom='25' x='0.676408' y='-2.00481' z='1.90693'/>
   <position atom='26' x='0.365481' y='-0.261907' z='2.02585'/>
   <position atom='27' x='-0.879618' y='-1.29175' z='0.521883'/>
   <position atom='28' x='-0.376252' y='-1.63396' z='-0.917322'/>
   <position atom='29' x='-1.10082' y='-1.39942' z='-1.70041'/>
   <position atom='30' x='-0.148605' y='-2.70416' z='-0.973027'/>
   <position atom='31' x='-1.66245' y='0.040859' z='0.474059'/>
   <position atom='32' x='-1.08751' y='1.12762' z='0.541403'/>
   <position atom='34' x='-1.70622' y='-2.33576' z='1.12759'/>
   <position atom='35' x='-1.24098' y='-3.1184' z='1.57678'/>
 </positions>
 <comment>
   </comment>
 <levelOfTheory>dft </levelOfTheory>
</conformation>
<conformation name1='pro4(2r4r)' name2='pro4(2r4r)' name3='pro4(2s4s)' energyOrder='0'>
 <restraintList>
 <restraintChirality abs='0' atomA='19' chirality='1'/>
 <restraintChirality abs='0' atomA='27' chirality='1'/>
 <restraintDihedral  abs='0' atomA='28' atomB='27' atomC='24' atomD='23' min='0.261799' max='0.610865' weight='100'/>
 <restraintDihedral  abs='0' atomA='28' atomB='19' atomC='23' atomD='24' min='-0.174533' max='-0.523599' weight='100'/>
 </restraintList>
 <headTransform>
  <matrix4x4> -0.066885 -0.92511 -0.373762 0 -0.478445 0.358461 -0.801621 0 0.875567 0.125208 -0.466589 0 1.7246 -1.66482 0.526768 1 </matrix4x4>
 </headTransform>
 <tailTransform>
  <matrix4x4> 0.639316 0.768736 0.0179124 0 0.592693 -0.507483 0.625441 0 0.489889 -0.389237 -0.780066 0 -1.72371 0.234863 -1.15605 1 </matrix4x4>
 </tailTransform>
 <forwardTransform>
  <matrix4x4> -0.584152 0.113771 0.803631 0 -0.545343 0.678313 -0.492435 0 -0.601138 -0.725912 -0.334194 0 1.96947 -4.39594 -1.95865 1 </matrix4x4>
 </forwardTransform>
 <backwardTransform>
  <matrix4x4> 0.309441 -0.20991 0.927461 0 0.890075 0.407213 -0.204804 0 -0.334684 0.888884 0.312844 0 -3.71772 -2.95024 -0.610853 1 </matrix4x4>
 </backwardTransform>
 <positions>
   <position atom='17' x='-2.49876' y='2.62108' z='-1.37252'/>
   <position atom='18' x='-2.49248' y='3.65374' z='-2.03151'/>
   <position atom='19' x='-1.22791' y='1.84417' z='-1.05577'/>
   <position atom='20' x='-1.0658' y='1.1192' z='-1.86543'/>
   <position atom='23' x='-1.32638' y='1.13979' z='0.233265'/>
   <position atom='24' x='-0.0691' y='1.13368' z='0.981177'/>
   <position atom='25' x='-0.180363' y='1.6893' z='1.91978'/>
   <position atom='26' x='0.231272' y='0.110841' z='1.23209'/>
   <position atom='27' x='0.942153' y='1.86386' z='0.034045'/>
   <position atom='28' x='0.029345' y='2.69943' z='-0.893705'/>
   <position atom='29' x='0.500908' y='2.92637' z='-1.85011'/>
   <position atom='30' x='-0.229189' y='3.64452' z='-0.401399'/>
   <position atom='31' x='1.72651' y='0.81459' z='-0.789227'/>
   <position atom='32' x='1.29225' y='0.36723' z='-1.85096'/>
   <position atom='34' x='1.8773' y='2.73081' z='0.750621'/>
   <position atom='35' x='1.58272' y='3.67779' z='0.968524'/>
 </positions>
 <comment>
   </comment>
 <levelOfTheory>dft </levelOfTheory>
</conformation>
<conformation name1='pro4(2r4r)' name2='pro4(2r4r)' name3='tgly' energyOrder='0'>
 <restraintList>
 <restraintChirality abs='0' atomA='19' chirality='1'/>
 <restraintChirality abs='0' atomA='27' chirality='1'/>
 <restraintDihedral  abs='0' atomA='28' atomB='27' atomC='24' atomD='23' min='0.261799' max='0.610865' weight='100'/>
 <restraintDihedral  abs='0' atomA='28' atomB='19' atomC='23' atomD='24' min='-0.174533' max='-0.523599' weight='100'/>
 </restraintList>
 <headTransform>
  <matrix4x4> 0.485626 0.658868 0.574508 0 0.868091 -0.440828 -0.22823 0 0.102886 0.60956 -0.786035 0 2.96391 1.73951 1.96312 1 </matrix4x4>
 </headTransform>
 <tailTransform>
  <matrix4x4> -0.656062 -0.561314 -0.504489 0 0.46497 0.225905 -0.85602 0 0.594462 -0.796175 0.112786 0 -3.81635 -2.95942 -2.29701 1 </matrix4x4>
 </tailTransform>
 <forwardTransform>
  <matrix4x4> -0.299261 0.25995 0.918079 0 -0.0248885 0.95972 -0.279854 0 -0.953847 -0.106599 -0.280737 0 1.00883 -4.69465 -2.29189 1 </matrix4x4>
 </forwardTransform>
 <backwardTransform>
  <matrix4x4> 0.285007 -0.173703 0.942655 0 0.863916 0.472581 -0.174118 0 -0.415236 0.863999 0.284754 0 -3.52965 -3.173 -0.688625 1 </matrix4x4>
 </backwardTransform>
 <positions>
   <position atom='17' x='-3.05715' y='-2.47243' z='0.980931'/>
   <position atom='18' x='-3.69124' y='-3.41808' z='1.43202'/>
   <position atom='19' x='-3.71329' y='-1.35808' z='0.177804'/>
   <position atom='20' x='-3.71435' y='-1.65835' z='-0.879149'/>
   <position atom='23' x='-2.99933' y='-0.081826' z='0.329065'/>
   <position atom='24' x='-3.88702' y='1.07946' z='0.310751'/>
   <position atom='25' x='-3.79499' y='1.63916' z='1.24851'/>
   <position atom='26' x='-3.62849' y='1.75676' z='-0.509263'/>
   <position atom='27' x='-5.32374' y='0.476749' z='0.17153'/>
   <position atom='28' x='-5.1391' y='-1.00867' z='0.604508'/>
   <position atom='29' x='-5.88429' y='-1.67213' z='0.162776'/>
   <position atom='30' x='-5.23012' y='-1.07871' z='1.69466'/>
   <position atom='31' x='-5.73871' y='0.526401' z='-1.30777'/>
   <position atom='32' x='-5.08168' y='-0.091945' z='-2.14344'/>
   <position atom='34' x='-6.28078' y='1.15503' z='1.03871'/>
   <position atom='35' x='-6.1268' y='1.08378' z='2.04089'/>
 </positions>
 <comment>
   </comment>
 <levelOfTheory>dft </levelOfTheory>
</conformation>
<conformation name1='pro4(2r4r)' name2='pro4(2s4s)' name3='pro4(2r4r)' energyOrder='0'>
 <restraintList>
 <restraintChirality abs='0' atomA='19' chirality='-1'/>
 <restraintChirality abs='0' atomA='27' chirality='-1'/>
 <restraintDihedral  abs='0' atomA='28' atomB='27' atomC='24' atomD='23' min='-0.261799' max='-0.610865' weight='100'/>
 <restraintDihedral  abs='0' atomA='28' atomB='19' atomC='23' atomD='24' min='0.174533' max='0.523599' weight='100'/>
 </restraintList>
 <headTransform>
  <matrix4x4> 0.0620533 0.916323 -0.395602 0 -0.536534 0.364849 0.760931 0 0.841594 0.165036 0.514279 0 1.7545 -1.65457 -0.413496 1 </matrix4x4>
 </headTransform>
 <tailTransform>
  <matrix4x4> -0.644539 -0.764366 0.0176936 0 0.556249 -0.484674 -0.675039 0 0.524553 -0.425247 0.737569 0 -1.64028 0.182083 1.16576 1 </matrix4x4>
 </tailTransform>
 <forwardTransform>
  <matrix4x4> -0.570943 0.10998 -0.81359 0 -0.530375 0.707031 0.467771 0 0.626679 0.698578 -0.345344 0 1.95296 -4.38574 2.0348 1 </matrix4x4>
 </forwardTransform>
 <backwardTransform>
  <matrix4x4> 0.310144 -0.197614 -0.929924 0 0.881081 0.427144 0.203084 0 0.35708 -0.882324 0.30659 0 -3.67465 -3.00899 0.618248 1 </matrix4x4>
 </backwardTransform>
 <positions>
   <position atom='17' x='2.50594' y='2.6781' z='-1.23085'/>
   <position atom='18' x='2.49097' y='3.75343' z='-1.81745'/>
   <position atom='19' x='1.24367' y='1.85966' z='-0.990863'/>
   <position atom='20' x='1.10278' y='1.19131' z='-1.8515'/>
   <position atom='23' x='1.33503' y='1.06973' z='0.248202'/>
   <position atom='24' x='0.070711' y='1.00277' z='0.981461'/>
   <position atom='25' x='0.170049' y='1.49307' z='1.95703'/>
   <position atom='26' x='-0.223409' y='-0.037161' z='1.15854'/>
   <position atom='27' x='-0.938675' y='1.78759' z='0.078018'/>
   <position atom='28' x='-0.026796' y='2.68748' z='-0.788265'/>
   <position atom='29' x='-0.492678' y='2.96713' z='-1.73337'/>
   <position atom='30' x='0.215628' y='3.60441' z='-0.237918'/>
   <position atom='31' x='-1.71131' y='0.790188' z='-0.816291'/>
   <position atom='32' x='-1.26151' y='0.409622' z='-1.89721'/>
   <position atom='34' x='-1.88161' y='2.60136' z='0.845418'/>
   <position atom='35' x='-1.58087' y='3.52272' z='1.1487'/>
 </positions>
 <comment>
   </comment>
 <levelOfTheory>dft </levelOfTheory>
</conformation>
<conformation name1='pro4(2r4r)' name2='pro4(2s4s)' name3='pro4(2s4s)' energyOrder='0'>
 <restraintList>
 <restraintChirality abs='0' atomA='19' chirality='-1'/>
 <restraintChirality abs='0' atomA='27' chirality='-1'/>
 <restraintDihedral  abs='0' atomA='28' atomB='27' atomC='24' atomD='23' min='-0.261799' max='-0.610865' weight='100'/>
 <restraintDihedral  abs='0' atomA='28' atomB='19' atomC='23' atomD='24' min='0.174533' max='0.523599' weight='100'/>
 </restraintList>
 <headTransform>
  <matrix4x4> -0.344174 -0.854207 0.38971 0 0.101029 -0.446352 -0.889136 0 0.933455 -0.266645 0.239922 0 0.682612 -1.51057 -0.218626 1 </matrix4x4>
 </headTransform>
 <tailTransform>
  <matrix4x4> 0.582361 0.740515 -0.3354 0 -0.641637 0.67204 0.369681 0 0.499157 -8.28493e-005 0.866512 0 -1.53425 0.125239 0.220904 1 </matrix4x4>
 </tailTransform>
 <forwardTransform>
  <matrix4x4> 0.211023 0.0812379 -0.974099 0 0.777956 0.589403 0.217687 0 0.591822 -0.803744 0.0611784 0 -0.461827 -4.25026 2.35969 1 </matrix4x4>
 </forwardTransform>
 <backwardTransform>
  <matrix4x4> 0.188991 -0.128635 -0.973517 0 0.881815 0.45844 0.110613 0 0.43207 -0.879367 0.200073 0 -3.55654 -3.09121 0.870424 1 </matrix4x4>
 </backwardTransform>
 <positions>
   <position atom='17' x='-1.97388' y='-1.62467' z='-1.90347'/>
   <position atom='18' x='-1.62449' y='-2.2609' z='-2.89029'/>
   <position atom='19' x='-0.970202' y='-0.937598' z='-0.987521'/>
   <position atom='20' x='-0.752295' y='0.053463' z='-1.41379'/>
   <position atom='23' x='-1.47541' y='-0.789299' z='0.382684'/>
   <position atom='24' x='-0.413643' y='-0.856067' z='1.38758'/>
   <position atom='25' x='-0.63045' y='-1.66265' z='2.09808'/>
   <position atom='26' x='-0.34375' y='0.080736' z='1.94522'/>
   <position atom='27' x='0.874838' y='-1.15026' z='0.574426'/>
   <position atom='28' x='0.33549' y='-1.70935' z='-0.781002'/>
   <position atom='29' x='1.03357' y='-1.58411' z='-1.61189'/>
   <position atom='30' x='0.127918' y='-2.77939' z='-0.670169'/>
   <position atom='31' x='1.63209' y='0.168891' z='0.304744'/>
   <position atom='32' x='1.02827' y='1.23447' z='0.177289'/>
   <position atom='34' x='1.72662' y='-2.08874' z='1.30451'/>
   <position atom='35' x='1.27576' y='-2.82906' z='1.83372'/>
 </positions>
 <comment>
   </comment>
 <levelOfTheory>dft </levelOfTheory>
</conformation>
<conformation name1='pro4(2r4r)' name2='pro4(2s4s)' name3='tgly' energyOrder='0'>
 <restraintList>
 <restraintChirality abs='0' atomA='19' chirality='-1'/>
 <restraintChirality abs='0' atomA='27' chirality='-1'/>
 <restraintDihedral  abs='0' atomA='28' atomB='27' atomC='24' atomD='23' min='-0.261799' max='-0.610865' weight='100'/>
 <restraintDihedral  abs='0' atomA='28' atomB='19' atomC='23' atomD='24' min='0.174533' max='0.523599' weight='100'/>
 </restraintList>
 <headTransform>
  <matrix4x4> -0.366546 -0.406986 0.836664 0 -0.323941 0.898812 0.295297 0 -0.872185 -0.16279 -0.461295 0 2.45112 0.762183 -2.66596 1 </matrix4x4>
 </headTransform>
 <tailTransform>
  <matrix4x4> 0.846631 0.251665 -0.468913 0 -0.00441992 -0.877763 -0.479074 0 -0.532161 0.407672 -0.74203 0 -4.26247 -1.83202 2.05412 1 </matrix4x4>
 </tailTransform>
 <forwardTransform>
  <matrix4x4> -0.247829 0.252514 -0.935317 0 0.0643487 0.967593 0.244178 0 0.966664 0.000328038 -0.256047 0 0.830998 -4.67056 2.38378 1 </matrix4x4>
 </forwardTransform>
 <backwardTransform>
  <matrix4x4> 0.277945 -0.159636 -0.94724 0 0.860216 0.480233 0.171477 0 0.427522 -0.862492 0.2708 0 -3.49117 -3.21707 0.694139 1 </matrix4x4>
 </backwardTransform>
 <positions>
   <position atom='17' x='3.0703' y='2.35061' z='1.29413'/>
   <position atom='18' x='3.77963' y='3.09893' z='1.95507'/>
   <position atom='19' x='3.43916' y='0.896208' z='1.03211'/>
   <position atom='20' x='3.03576' y='0.288011' z='1.85371'/>
   <position atom='23' x='2.90037' y='0.420044' z='-0.249925'/>
   <position atom='24' x='3.77702' y='-0.53804' z='-0.922072'/>
   <position atom='25' x='4.05751' y='-0.161165' z='-1.91209'/>
   <position atom='26' x='3.27205' y='-1.49895' z='-1.06076'/>
   <position atom='27' x='5.033' y='-0.642849' z='0.00276'/>
   <position atom='28' x='4.93912' y='0.633942' z='0.892697'/>
   <position atom='29' x='5.43704' y='0.515299' z='1.85654'/>
   <position atom='30' x='5.41623' y='1.47004' z='0.368884'/>
