cyclomer 'strt' {
	residue {
		atom '12' 'C' 3 0.0 0.0;
		atom '11' 'N' 25 0.0 0.0;
		atom '29' 'H' 43 0.0 0.0;
		atom '13' 'C' 2 0.0 0.0;
		atom '14' 'O' 15 0.0 0.0;
		atom '30' 'H' 41 0.0 0.0;
		atom '31' 'H' 41 0.0 0.0;
		bond single '12' '31';
		bond single '12' '13';
		bond single '12' '11';
		bond single '12' '30';
		bond single '11' '29';
		bond double '13' '14';
	}
	head '11' '12' ;
	tailAxes '12' '11' '13' ;
	headAxes '12' '11' '13' ;
	outLink '11' '13' ;
	center '11' '12' ;
	tail '11' '12' ;
	terminator start ;
}
conformation * 'strt' 'dpen' {
	headTransform {
		0.99899745
		4.06471938e-002
		-1.87583454e-002
		0.0
		-4.22086716e-002
		0.994850695
		-9.21437517e-002
		0.0
		1.49163697e-002
		9.28431377e-002
		0.995568991
		0.0
		1.96072925e-002
		-9.46333632e-003
		7.2873041e-002
		1.0
	}
	tailTransform {
		0.99899745
		4.06471938e-002
		-1.87583454e-002
		0.0
		-4.22086716e-002
		0.994850695
		-9.21437517e-002
		0.0
		1.49163697e-002
		9.28431377e-002
		0.995568991
		0.0
		1.96072925e-002
		-9.46333632e-003
		7.2873041e-002
		1.0
	}
	positions {
		{ '31' (-0.376454@-0.413487@-1.035204) }
		{ '30' (-0.418316@-0.601621@0.763782) }
		{ '14' (-1.542848@1.716693@0.689971) }
		{ '13' (-0.539425@1.451405@5.0972e-002) }
		{ '29' (1.987679@-0.808686@0.356924) }
		{ '12' (-1.7836e-002@1.6957e-002@-7.1964e-002) }
		{ '11' (1.445797@-4.4883e-002@-5.011e-002) }
	}
}
conformation * 'strt' 'dpex' {
	headTransform {
		0.998718679
		4.4538673e-002
		-2.40261853e-002
		0.0
		-4.55390885e-002
		0.998043716
		-4.2836532e-002
		0.0
		2.20713019e-002
		4.38757762e-002
		0.998793185
		0.0
		3.51888202e-002
		-3.2878954e-002
		3.92633118e-002
		1.0
	}
	tailTransform {
		0.998718679
		4.4538673e-002
		-2.40261853e-002
		0.0
		-4.55390885e-002
		0.998043716
		-4.2836532e-002
		0.0
		2.20713019e-002
		4.38757762e-002
		0.998793185
		0.0
		3.51888202e-002
		-3.2878954e-002
		3.92633118e-002
		1.0
	}
	positions {
		{ '31' (-0.385313@-0.440388@-0.982102) }
		{ '30' (-0.439895@-0.540508@0.823528) }
		{ '14' (-1.612902@1.751673@0.555172) }
		{ '13' (-0.559968@1.47378@1.0427e-002) }
		{ '29' (1.964716@-0.790199@0.418664) }
		{ '12' (-3.2736e-002@3.6099e-002@-3.855e-002) }
		{ '11' (1.429778@-3.0588e-002@-6.229e-003) }
	}
}
conformation * 'strt' * {
	headTransform {
		0.602093816
		-0.280454516
		0.747548163
		0.0
		0.364888489
		0.929437041
		5.48027121e-002
		0.0
		-0.71016866
		0.239775375
		0.66194278
		0.0
		2.40956569
		4.09087038
		-2.08218861
		1.0
	}
	tailTransform {
		0.602093816
		-0.280454516
		0.747548163
		0.0
		0.364888489
		0.929437041
		5.48027121e-002
		0.0
		-0.71016866
		0.239775375
		0.66194278
		0.0
		2.40956569
		4.09087038
		-2.08218861
		1.0
	}
	positions {
		{ '14' (0.324541003@-3.58768511@4.0173049) }
		{ '29' (2.89195704@-4.59277582@0.755691111) }
		{ '30' (1.85382104@-5.13224602@2.82425499) }
		{ '31' (0.522303581@-5.23800182@1.653023) }
		{ '11' (2.12827706@-4.03690577@1.07627499) }
		{ '12' (1.25305498@-4.56731892@2.10859799) }
		{ '13' (0.531110227@-3.45567298@2.83187389) }
	}
}
conformation * 'strt' 'dmex' {
	headTransform {
		0.632277846
		-0.591769338
		0.500033796
		0.0
		-0.545756221
		0.117889412
		0.829609692
		0.0
		-0.549886286
		-0.79744035
		-0.248422936
		0.0
		0.691589296
		1.19297743
		-0.831089973
		1.0
	}
	tailTransform {
		0.632277846
		-0.591769338
		0.500033796
		0.0
		-0.545756221
		0.117889412
		0.829609692
		0.0
		-0.549886286
		-0.79744035
		-0.248422936
		0.0
		0.691589296
		1.19297743
		-0.831089973
		1.0
	}
	positions {
		{ '31' (0.336901@0.314991@1.989498) }
		{ '30' (1.234185@1.813054@1.516116) }
		{ '14' (-1.620343@1.557464@0.837307) }
		{ '13' (-0.525861@1.415439@0.322932) }
		{ '29' (2.177481@-0.641015@0.683051) }
		{ '12' (0.684264@0.92628@1.125162) }
		{ '11' (1.610155@0.127089@0.319923) }
	}
}
conformation * 'strt' 'dmen' {
	headTransform {
		0.615604043
		-0.59055233
		0.521804154
		0.0
		-0.602922261
		7.34340772e-002
		0.79441309
		0.0
		-0.507460713
		-0.803651273
		-0.310850859
		0.0
		0.771321476
		1.26249588
		-0.784851432
		1.0
	}
	tailTransform {
		0.615604043
		-0.59055233
		0.521804154
		0.0
		-0.602922261
		7.34340772e-002
		0.79441309
		0.0
		-0.507460713
		-0.803651273
		-0.310850859
		0.0
		0.771321476
		1.26249588
		-0.784851432
		1.0
	}
	positions {
		{ '31' (0.317093@0.460838@2.069412) }
		{ '30' (1.252579@1.895397@1.486036) }
		{ '14' (-1.627609@1.574737@0.79557) }
		{ '13' (-0.513581@1.449444@0.317249) }
		{ '29' (2.110035@-0.657781@0.831799) }
		{ '12' (0.68028@0.995833@1.16205) }
		{ '11' (1.582197@0.112496@0.418573) }
	}
}
forwardTransform * 'strt' 'dpen' {
	-0.824426532
	0.263987273
	0.500631273
	0.0
	0.247509003
	-0.627319932
	0.738382697
	0.0
	0.508979619
	0.732653022
	0.451839954
	0.0
	1.31906259
	1.99060035
	-1.46945035
	1.0
}
forwardTransform * 'strt' 'dpex' {
	-0.823931098
	0.252148062
	0.507502556
	0.0
	0.240616038
	-0.655158699
	0.716150105
	0.0
	0.513070583
	0.712171614
	0.479134768
	0.0
	1.33510101
	2.03201771
	-1.41425765
	1.0
}
forwardTransform * 'strt' * {
	-0.842117548
	0.224426597
	0.490378082
	0.0
	0.237821847
	-0.661563396
	0.711178422
	0.0
	0.484023511
	0.715518534
	0.503740489
	0.0
	1.40969992
	2.07895684
	-1.37392044
	1.0
}
forwardTransform * 'strt' 'dmex' {
	-0.823879659
	0.252074301
	-0.507622719
	0.0
	0.240442604
	-0.655604064
	-0.715800703
	0.0
	-0.513234496
	-0.71178782
	0.47952944
	0.0
	1.33519363
	2.03218126
	1.41412103
	1.0
}
forwardTransform * 'strt' 'dmen' {
	-0.824275255
	0.264096946
	-0.500822425
	0.0
	0.247627988
	-0.627307951
	-0.738352954
	0.0
	-0.509166658
	-0.732623756
	0.451676607
	0.0
	1.3189981
	1.99043632
	1.46962655
	1.0
}
backwardTransform * 'strt' * {
	1.0
	0.0
	0.0
	0.0
	0.0
	1.0
	0.0
	0.0
	0.0
	0.0
	1.0
	0.0
	0.0
	0.0
	0.0
	1.0
}
cyclomer 'end' {
	residue {
		atom '20' 'C' 3 0.0 0.0;
		atom '34' 'H' 41 0.0 0.0;
		atom '18' 'C' 2 0.0 0.0;
		atom '19' 'O' 15 0.0 0.0;
		atom '21' 'N' 25 0.0 0.0;
		atom '35' 'H' 43 0.0 0.0;
		atom '33' 'H' 41 0.0 0.0;
		bond single '20' '21';
		bond single '20' '33';
		bond single '20' '34';
		bond single '20' '18';
		bond double '18' '19';
		bond single '21' '35';
	}
	head '21' '20' ;
	tailAxes '20' '21' '18' ;
	headAxes '20' '21' '18' ;
	outLink '18' '21' ;
	inLink '18' '21' ;
	center '21' '20' ;
	tail '21' '20' ;
	terminator stop ;
}
conformation 'dpen' 'end' * {
	headTransform {
		-0.221167356
		0.425413579
		-0.877558112
		0.0
		-0.969734013
		-4.84161836e-004
		0.244163349
		0.0
		0.103445522
		0.904998899
		0.412645102
		0.0
		6.12035036
		3.88444948
		-1.49580967
		1.0
	}
	tailTransform {
		-0.221167356
		0.425413579
		-0.877558112
		0.0
		-0.969734013
		-4.84161836e-004
		0.244163349
		0.0
		0.103445522
		0.904998899
		0.412645102
		0.0
		6.12035036
		3.88444948
		-1.49580967
		1.0
	}
	positions {
		{ '33' (-0.957843@6.41005@-4.427112) }
		{ '35' (-2.639871@4.412863@-3.94449) }
		{ '21' (-1.933644@4.889894@-3.380649) }
		{ '19' (-0.855093@8.10084@-2.121507) }
		{ '18' (-0.88186@6.902787@-2.334891) }
		{ '34' (-2.553706@6.869493@-3.709776) }
		{ '20' (-1.611536@6.302214@-3.531307) }
	}
}
conformation 'dpex' 'end' * {
	headTransform {
		0.238220483
		-0.136057064
		0.961633742
		0.0
		0.441743195
		-0.866613328
		-0.232043788
		0.0
		0.864935815
		0.480072737
		-0.146342754
		0.0
		0.930107117
		6.96621132
		2.08112884
		1.0
	}
	tailTransform {
		0.238220483
		-0.136057064
		0.961633742
		0.0
		0.441743195
		-0.866613328
		-0.232043788
		0.0
		0.864935815
		0.480072737
		-0.146342754
		0.0
		0.930107117
		6.96621132
		2.08112884
		1.0
	}
	positions {
		{ '33' (-2.145044@6.638874@-4.295516) }
		{ '35' (-1.052878@7.750685@-2.398248) }
		{ '21' (-0.92753@6.753482@-2.582423) }
		{ '19' (-2.317794@4.022892@-4.472246) }
		{ '18' (-1.609024@4.627019@-3.688833) }
		{ '34' (-0.404179@6.203895@-4.532712) }
		{ '20' (-1.275052@6.109056@-3.844213) }
	}
}
conformation * 'end' * {
	headTransform {
		0.202799752
		0.914771438
		-0.349378973
		0.0
		-0.974955857
		0.221889049
		1.50464857e-002
		0.0
		9.12874565e-002
		0.337577671
		0.936860681
		0.0
		1.15803409
		2.83282161
		-3.6895051
		1.0
	}
	tailTransform {
		0.202799752
		0.914771438
		-0.349378973
		0.0
		-0.974955857
		0.221889049
		1.50464857e-002
		0.0
		9.12874565e-002
		0.337577671
		0.936860681
		0.0
		1.15803409
		2.83282161
		-3.6895051
		1.0
	}
	positions {
		{ '18' (-2.93898392@1.38989103@2.81981397) }
		{ '19' (-3.15880489@2.49699688@3.25610805) }
		{ '20' (-4.11526823@0.555974185@2.39454103) }
		{ '33' (-4.36298084@0.777916014@1.35489404) }
		{ '21' (-3.82147694@-0.856421709@2.52678704) }
		{ '34' (-4.97460079@0.798555374@3.02341104) }
		{ '35' (-4.59164619@-1.48979998@2.58392) }
	}
}
conformation 'dmex' 'end' * {
	headTransform {
		-0.560533047
		0.188723728
		-0.806341171
		0.0
		-0.767619431
		-0.483769834
		0.420389324
		0.0
		-0.310746074
		0.854605258
		0.416036993
		0.0
		2.35052252
		6.27766275
		-2.35568857
		1.0
	}
	tailTransform {
		-0.560533047
		0.188723728
		-0.806341171
		0.0
		-0.767619431
		-0.483769834
		0.420389324
		0.0
		-0.310746074
		0.854605258
		0.416036993
		0.0
		2.35052252
		6.27766275
		-2.35568857
		1.0
	}
	positions {
		{ '33' (-0.934137@5.969056@-4.382069) }
		{ '35' (-3.35279@4.800532@-4.775407) }
		{ '21' (-2.58441@4.71173@-4.10778) }
		{ '19' (-0.838881@6.528559@-1.536124) }
		{ '18' (-1.165418@5.612579@-2.267837) }
		{ '34' (-2.388599@6.755919@-3.646214) }
		{ '20' (-1.766687@5.831557@-3.654454) }
	}
}
conformation 'dmen' 'end' * {
	headTransform {
		0.357656747
		-0.253244907
		0.89885962
		0.0
		-0.119609155
		-0.967022836
		-0.224856675
		0.0
		0.926161587
		-2.70903315e-002
		-0.376152664
		0.0
		4.90032816
		4.97807598
		1.54969788
		1.0
	}
	tailTransform {
		0.357656747
		-0.253244907
		0.89885962
		0.0
		-0.119609155
		-0.967022836
		-0.224856675
		0.0
		0.926161587
		-2.70903315e-002
		-0.376152664
		0.0
		4.90032816
		4.97807598
		1.54969788
		1.0
	}
	positions {
		{ '33' (-2.672889@6.535995@-3.803543) }
		{ '35' (-1.200288@6.351958@-1.829478) }
		{ '21' (-1.364038@5.5743@-2.471867) }
		{ '19' (-3.241119@4.496002@-5.365593) }
		{ '18' (-2.459445@4.475758@-4.43278) }
		{ '34' (-1.04819@6.09854@-4.467827) }
		{ '20' (-1.884924@5.748497@-3.820715) }
	}
}
forwardTransform * 'end' * {
	1.0
	0.0
	0.0
	0.0
	0.0
	1.0
	0.0
	0.0
	0.0
	0.0
	1.0
	0.0
	0.0
	0.0
	0.0
	1.0
}
backwardTransform 'dpen' 'end' * {
	-8.8030789e-003
	0.112385347
	0.9936257
	0.0
	0.705855906
	0.704538703
	-7.34342113e-002
	0.0
	-0.70830071
	0.700710177
	-8.55299681e-002
	0.0
	3.65700388
	3.2782681
	-2.77347994
	1.0
}
backwardTransform 'dpex' 'end' * {
	0.354089618
	0.120139711
	-0.927462637
	0.0
	0.337504268
	0.908467174
	0.246532559
	0.0
	0.872187734
	-0.400317222
	0.281131119
	0.0
	1.0291841
	4.34399128
	3.16809702
	1.0
}
backwardTransform * 'end' * {
	-0.852436244
	0.160367295
	0.497629344
	0.0
	0.152860209
	-0.833763599
	0.530539393
	0.0
	0.499986321
	0.528318763
	0.686216414
	0.0
	1.48081422
	2.20003295
	-1.24533415
	1.0
}
backwardTransform 'dmex' 'end' * {
	0.355573624
	0.120718405
	0.926819563
	0.0
	0.337362647
	0.90819627
	-0.247721642
	0.0
	-0.871638596
	0.400757581
	0.282204747
	0.0
	1.0266273
	4.34252214
	-3.16909003
	1.0
}
backwardTransform 'dmen' 'end' * {
	-8.93552974e-003
	0.110990562
	-0.993781269
	0.0
	0.706105113
	0.704403996
	7.23225251e-002
	0.0
	0.708050668
	-0.701067805
	-8.4665224e-002
	0.0
	3.65783191
	3.2808373
	2.77049041
	1.0
}
cyclomer 'dmex' {
	residue {
		atom '6' 'C' 3 0.0 0.0;
		atom '5' 'N' 25 0.0 0.0;
		atom '2' 'C' 3 0.0 0.0;
		atom '1' 'C' 2 0.0 0.0;
		atom '18' 'H' 41 0.0 0.0;
		atom '3' 'C' 2 0.0 0.0;
		atom '20' 'H' 41 0.0 0.0;
		atom '4' 'C' 3 0.0 0.0;
		atom '8' 'C' 3 0.0 0.0;
		atom '24' 'H' 41 0.0 0.0;
		atom '7' 'C' 3 0.0 0.0;
		atom '15' 'N' 25 0.0 0.0;
		atom '33' 'H' 43 0.0 0.0;
		atom '29' 'C' 2 0.0 0.0;
		atom '31' 'O' 15 0.0 0.0;
		atom '23' 'H' 41 0.0 0.0;
		atom '21' 'H' 41 0.0 0.0;
		atom '19' 'H' 41 0.0 0.0;
		atom '22' 'H' 41 0.0 0.0;
		atom '9' 'C' 2 0.0 0.0;
		atom '10' 'O' 15 0.0 0.0;
		bond single '6' '22';
		bond single '6' '9';
		bond single '6' '4';
		bond single '6' '5';
		bond single '5' '2';
		bond single '2' '19';
		bond single '2' '1';
		bond single '2' '7';
		bond double '1' '3';
		bond single '1' '18';
		bond single '3' '4';
		bond single '3' '20';
		bond single '4' '8';
		bond single '4' '21';
		bond single '8' '24';
		bond single '8' '23';
		bond single '8' '7';
		bond single '7' '29';
		bond single '7' '15';
		bond single '15' '33';
		bond double '29' '31';
		bond double '9' '10';
	}
	head '5' '6' ;
	tailAxes '7' '15' '29' ;
	headAxes '6' '5' '9' ;
	outLink '15' '29' ;
	inLink '9' '5' ;
	center '2' '4' ;
	tail '15' '7' ;
	derivativeBonds {
		{ '8' '23' }
		{ '8' '24' }
		{ '1' '18' }
		{ '3' '20' }
		{ '2' '19' }
		{ '4' '21' }
	};
}
conformation 'dpen' 'dmex' 'dpen' {
	headTransform {
		0.425382823
		0.777469635
		-0.463239044
		0.0
		-0.900046647
		0.309875071
		-0.306420445
		0.0
		-9.46863666e-002
		0.547282755
		0.83157444
		0.0
		4.91949892
		0.829478621
		4.89340544
		1.0
	}
	tailTransform {
		-0.561440349
		-0.229697913
		0.794999123
		0.0
		-0.519485474
		-0.649983823
		-0.554667294
		0.0
		0.644142509
		-0.724403083
		0.245602414
		0.0
		5.00642538
		-2.25675249
		4.56030512
		1.0
	}
	positions {
		{ '29' (-1.360938@3.006417@-7.37289) }
		{ '20' (0.871242@6.779709@-6.907969) }
		{ '9' (0.363458@6.647131@-3.232688) }
		{ '5' (0.151802@4.35296@-4.195955) }
		{ '1' (0.907444@4.690786@-6.379964) }
		{ '8' (-1.849552@5.12735@-6.067759) }
		{ '3' (0.4249@5.940981@-6.348629) }
		{ '19' (0.611969@2.696371@-5.519842) }
		{ '15' (-2.169939@2.888969@-5.01945) }
		{ '10' (0.356455@7.850471@-3.406931) }
		{ '22' (-1.42468@5.551661@-3.493172) }
		{ '23' (-2.813832@5.239522@-5.518653) }
		{ '6' (-0.470748@5.670183@-4.057381) }
		{ '2' (0.149371@3.711154@-5.514142) }
		{ '33' (-2.034397@2.857908@-4.001439) }
		{ '24' (-2.06748@5.405982@-7.126119) }
		{ '31' (-0.394545@2.987993@-8.113875) }
		{ '21' (-1.193102@7.170606@-5.533011) }
		{ '4' (-0.810196@6.122406@-5.494082) }
		{ '18' (1.798711@4.394218@-6.957742) }
		{ '7' (-1.333001@3.663365@-5.979672) }
	}
}
conformation 'dpen' 'dmex' 'dpex' {
	headTransform {
		0.444179565
		0.741119921
		-0.503434002
		0.0
		-0.892035663
		0.313438773
		-0.325620204
		0.0
		-8.35278854e-002
		0.593714952
		0.800328493
		0.0
		4.95739841
		0.901304245
		4.83207989
		1.0
	}
	tailTransform {
		-0.588708818
		-0.182990834
		0.787360311
		0.0
		-0.534519851
		-0.642564297
		-0.548998833
		0.0
		0.60639137
		-0.744060159
		0.280471027
		0.0
		4.9376235
		-2.27402067
		4.63161421
		1.0
	}
	positions {
		{ '29' (-1.097416@3.087997@-7.388449) }
		{ '20' (1.042958@6.887975@-6.741099) }
		{ '9' (0.334325@6.69052@-3.105226) }
		{ '5' (0.212666@4.407751@-4.110517) }
		{ '1' (1.086027@4.792159@-6.241755) }
		{ '8' (-1.69214@5.177467@-6.082087) }
		{ '3' (0.580141@6.033322@-6.220587) }
		{ '19' (0.776677@2.779351@-5.430446) }
		{ '15' (-2.031929@2.925549@-5.082989) }
		{ '10' (0.316384@7.895675@-3.265232) }
		{ '22' (-1.419254@5.571909@-3.480142) }
		{ '23' (-2.688452@5.26486@-5.588345) }
		{ '6' (-0.437316@5.713095@-3.988288) }
		{ '2' (0.297055@3.786209@-5.435864) }
		{ '33' (-1.958131@2.89471@-4.05835) }
		{ '24' (-1.855475@5.467964@-7.147233) }
		{ '31' (-9.7541e-002@3.13199@-8.080375) }
		{ '21' (-1.102801@7.222925@-5.48103) }
		{ '4' (-0.704423@6.180782@-5.435428) }
		{ '18' (2.014312@4.519849@-6.771185) }
		{ '7' (-1.156052@3.720804@-5.985174) }
	}
}
conformation * 'dmex' * {
	headTransform {
		-0.171049193
		0.854544461
		-0.49040398
		0.0
		-9.46772005e-003
		-0.499142021
		-0.866468549
		0.0
		-0.985216975
		-0.143565744
		9.34684351e-002
		0.0
		-0.62059319
		-1.61053646
		-1.61358118
		1.0
	}
	tailTransform {
		-0.755891383
		-0.550787628
		0.353922486
		0.0
		-0.650513828
		0.692870438
		-0.311066419
		0.0
		-7.38908872e-002
		-0.46536395
		-0.882029772
		0.0
		-1.35204744
		-1.43597054
		-1.44136882
		1.0
	}
	positions {
		{ '31' (-0.821801484@1.80930603@-2.98456001) }
		{ '33' (-2.28547192@-2.29499292@-1.98265398) }
		{ '1' (1.13350499@-7.96079636e-002@-2.45932794) }
		{ '2' (-8.36620629e-002@-0.928709507@-2.74814701) }
		{ '3' (1.42335403@3.10520995e-002@-1.15730202) }
		{ '4' (0.472201914@-0.713204026@-0.252037287) }
		{ '5' (0.228504494@-2.22173405@-2.13357592) }
		{ '6' (0.47881639@-2.20787907@-0.69181788) }
		{ '10' (2.47157097@-2.51688409@0.523206294) }
		{ '8' (-0.946739972@-0.133803293@-0.525050282) }
		{ '9' (1.78105402@-2.91226602@-0.389112711) }
		{ '15' (-2.45774102@-1.32689297@-2.15238404) }
		{ '7' (-1.30278301@-0.332945704@-2.03948307) }
		{ '18' (1.70186698@0.37861681@-3.21183896) }
		{ '19' (-0.25365299@-1.01646197@-3.82079887) }
		{ '20' (2.236166@0.586993098@-0.798007071) }
		{ '21' (0.74231118@-0.597281218@0.796951473) }
		{ '22' (-0.326289088@-2.74186802@-0.181033105) }
		{ '23' (-1.67768097@-0.643470585@0.105840303) }
		{ '24' (-0.951598823@0.927358627@-0.265880495) }
		{ '29' (-1.69170308@0.997081578@-2.66460299) }
	}
}
conformation 'dpen' 'dmex' 'dmex' {
	headTransform {
		0.179743513
		0.918885708
		-0.351199865
		0.0
		-0.827310443
		-5.19494824e-002
		-0.559337676
		0.0
		-0.532212079
		0.391088635
		0.750866175
		0.0
		3.59611225
		1.81497228
		6.0652585
		1.0
	}
	tailTransform {
		-0.490065455
		-0.462226838
		0.739041388
		0.0
		-0.714921832
		-0.271940768
		-0.644154489
		0.0
		0.498720974
		-0.844034672
		-0.197187275
		0.0
		5.82859278
		-4.06798267
		3.75658822
		1.0
	}
	positions {
		{ '29' (-2.181766@5.49941@-7.091212) }
		{ '20' (0.640155@8.539586@-5.833023) }
		{ '9' (1.01642@6.85649@-2.494717) }
		{ '5' (7.803e-002@5.255808@-4.126012) }
		{ '1' (0.43139@6.418475@-6.15034) }
		{ '8' (-2.063475@6.867599@-4.93048) }
		{ '3' (0.197217@7.578845@-5.522725) }
		{ '19' (3.0164e-002@4.29147@-6.062206) }
		{ '15' (-2.530088@4.415798@-4.856843) }
		{ '10' (1.326924@8.006118@-2.251457) }
		{ '22' (-0.998694@6.248318@-2.622087) }
		{ '23' (-2.816224@6.765929@-4.113888) }
		{ '6' (-0.184012@6.461916@-3.350118) }
		{ '2' (-0.27298@5.229532@-5.542998) }
		{ '33' (-2.636493@4.383923@-3.835452) }
		{ '24' (-2.517132@7.596865@-5.640724) }
		{ '31' (-2.123113@6.514279@-7.760768) }
		{ '21' (-0.941831@8.477356@-3.883686) }
		{ '4' (-0.756004@7.481884@-4.354341) }
		{ '18' (1.090877@6.321105@-7.0288) }
		{ '7' (-1.800213@5.480561@-5.599609) }
	}
}
conformation 'dpen' 'dmex' 'dmen' {
	headTransform {
		0.170082435
		0.929670453
		-0.326779485
		0.0
		-0.816244602
		-5.28802648e-002
		-0.575281203
		0.0
		-0.552102089
		0.364577204
		0.749844491
		0.0
		3.49420857
		1.75839067
		6.14475679
		1.0
	}
	tailTransform {
		-0.471654147
		-0.485560447
		0.736052573
		0.0
		-0.727463961
		-0.257477999
		-0.63600415
		0.0
		0.498335809
		-0.835425735
		-0.23178716
		0.0
		5.88090754
		-4.12223959
		3.6279211
		1.0
	}
	positions {
		{ '29' (-2.329951@5.562511@-7.009989) }
		{ '20' (0.50057@8.612476@-5.789738) }
		{ '9' (0.999589@6.86749@-2.490348) }
		{ '5' (2.6802e-002@5.290621@-4.12406) }
		{ '1' (0.303063@6.495308@-6.138853) }
		{ '8' (-2.15313@6.895451@-4.828296) }
		{ '3' (7.8919e-002@7.641374@-5.482042) }
		{ '19' (-6.3628e-002@4.362419@-6.07427) }
		{ '15' (-2.601236@4.439769@-4.790761) }
		{ '10' (1.3116@8.014261@-2.235133) }
		{ '22' (-1.011549@6.24599@-2.571486) }
		{ '23' (-2.876211@6.769597@-3.988614) }
		{ '6' (-0.221047@6.480076@-3.319521) }
		{ '2' (-0.367187@5.286369@-5.53165) }
		{ '33' (-2.694027@4.3943@-3.768976) }
		{ '24' (-2.638592@7.635768@-5.504961) }
		{ '31' (-2.391147@6.603268@-7.640563) }
		{ '21' (-1.012908@8.497615@-3.789305) }
		{ '4' (-0.833496@7.513082@-4.284891) }
		{ '18' (0.932287@6.421978@-7.04153) }
		{ '7' (-1.898183@5.524135@-5.533586) }
	}
}
conformation 'dpex' 'dmex' 'dpen' {
	headTransform {
		0.229146034
		-0.241982132
		0.942834437
		0.0
		0.333833545
		-0.890324771
		-0.30964005
		0.0
		0.914356232
		0.38570255
		-0.123232633
		0.0
		1.29262555
		6.69304705
		2.8161633
		1.0
	}
	tailTransform {
		0.998587072
		3.16978917e-002
		4.26509008e-002
		0.0
		-1.9771453e-002
		0.966614246
		-0.255472094
		0.0
		-4.93248925e-002
		0.254267871
		0.965875208
		0.0
		1.06416821
		-8.17965698
		5.0246129
		1.0
	}
	positions {
		{ '29' (-1.507872@10.614035@-2.328159) }
		{ '20' (-4.49114@7.453709@-3.22291) }
		{ '9' (-1.807287@4.951319@-3.415781) }
		{ '5' (-0.996375@6.888096@-2.078051) }
		{ '1' (-3.011615@8.049837@-1.774301) }
		{ '8' (-1.615014@8.791415@-4.093446) }
		{ '3' (-3.430932@7.627499@-2.975325) }
		{ '19' (-1.199469@8.488371@-0.624392) }
		{ '15' (0.464675@9.181912@-2.794056) }
		{ '10' (-2.61451@4.503153@-4.206854) }
		{ '22' (-0.400597@6.404105@-4.031045) }
		{ '23' (-0.819363@8.738534@-4.873235) }
		{ '6' (-1.331778@6.399461@-3.416402) }
		{ '2' (-1.51286@8.196647@-1.654254) }
		{ '33' (1.04167@8.357677@-2.616399) }
		{ '24' (-2.346039@9.553267@-4.454194) }
		{ '31' (-2.455025@10.783253@-1.581864) }
		{ '21' (-2.7382@7.108489@-4.986494) }
		{ '4' (-2.33222@7.422884@-3.994906) }
		{ '18' (-3.688582@8.250151@-0.927184) }
		{ '7' (-1.017691@9.211262@-2.720835) }
	}
}
conformation 'dpex' 'dmex' 'dpex' {
	headTransform {
		0.222832248
		-0.243597254
		0.943931222
		0.0
		0.345852882
		-0.885538578
		-0.310172945
		0.0
		0.911444783
		0.395577848
		-0.113077737
		0.0
		1.23592496
		6.69849491
		2.84349084
		1.0
	}
	tailTransform {
		0.998702168
		3.17402296e-002
		3.98316681e-002
		0.0
		-2.12469455e-002
		0.970404327
		-0.24054946
		0.0
		-4.62879166e-002
		0.239390954
		0.969819248
		0.0
		1.08751953
		-8.2340126
		4.96289587
		1.0
	}
	positions {
		{ '29' (-1.522246@10.614079@-2.422154) }
		{ '20' (-4.489655@7.437524@-3.294195) }
		{ '9' (-1.801774@4.937848@-3.438755) }
		{ '5' (-1.001608@6.892466@-2.120794) }
		{ '1' (-3.020438@8.053164@-1.843323) }
		{ '8' (-1.611186@8.770467@-4.162997) }
		{ '3' (-3.43135@7.616501@-3.042143) }
		{ '19' (-1.216741@8.51171@-0.6879) }
		{ '15' (0.459284@9.175727@-2.8603) }
		{ '10' (-2.602671@4.480445@-4.230813) }
		{ '22' (-0.392754@6.38453@-4.063574) }
		{ '23' (-0.810575@8.709867@-4.937193) }
		{ '6' (-1.327729@6.386301@-3.454718) }
		{ '2' (-1.522869@8.204814@-1.715517) }
		{ '33' (1.033154@8.348293@-2.685131) }
		{ '24' (-2.339711@9.528301@-4.537894) }
		{ '31' (-2.520811@10.789603@-1.750063) }
		{ '21' (-2.725163@7.074313@-5.042448) }
		{ '4' (-2.325911@7.401358@-4.052229) }
		{ '18' (-3.70313@8.261547@-1.002749) }
		{ '7' (-1.022439@9.20725@-2.791625) }
	}
}
conformation 'dpex' 'dmex' 'dmex' {
	headTransform {
		0.396881014
		-1.78695209e-002
		0.917696118
		0.0
		0.755117178
		-0.562034309
		-0.337513626
		0.0
		0.521807909
		0.826920867
		-0.209567159
		0.0
		-1.2964443
		6.30786371
		3.01222777
		1.0
	}
	tailTransform {
		0.942775905
		-1.84315667e-002
		0.332917273
		0.0
		-6.68440461e-002
		0.967752695
		0.242871612
		0.0
		-0.3266581
		-0.251227051
		0.911141872
		0.0
		0.896676481
		-9.29073429
		3.04583883
		1.0
	}
	positions {
		{ '29' (-2.596472@9.731964@-4.988297) }
		{ '20' (-5.274045@6.603523@-3.4344) }
		{ '9' (-2.394897@4.307617@-3.051239) }
		{ '5' (-1.556773@6.644936@-3.145404) }
		{ '1' (-3.576583@7.833264@-2.934396) }
		{ '8' (-2.880752@7.251087@-5.582572) }
		{ '3' (-4.212899@6.855948@-3.595038) }
		{ '19' (-1.625726@8.756621@-2.672143) }
		{ '15' (-0.631196@8.212101@-5.301248) }
		{ '10' (-3.304943@3.525648@-3.246231) }
		{ '22' (-1.391063@5.215488@-4.671439) }
		{ '23' (-2.289598@6.792776@-6.409823) }
		{ '6' (-2.137057@5.540871@-3.908345) }
		{ '2' (-2.121007@7.983914@-3.304213) }
		{ '33' (-0.167831@7.340493@-5.563981) }
		{ '24' (-3.766315@7.704816@-6.085047) }
		{ '31' (-3.786982@9.934933@-5.138405) }
		{ '21' (-3.956609@5.358973@-5.172478) }
		{ '4' (-3.370012@6.134918@-4.624098) }
		{ '18' (-4.053567@8.464785@-2.16654) }
		{ '7' (-2.03062@8.311322@-4.816368) }
	}
}
conformation 'dpex' 'dmex' 'dmen' {
	headTransform {
		0.416401595
		-2.12414376e-002
		0.908932626
		0.0
		0.764971137
		-0.532103181
		-0.36288482
		0.0
		0.491354138
		0.846413016
		-0.205319539
		0.0
		-1.40589452
		6.21065521
		3.14594293
		1.0
	}
	tailTransform {
		0.938264668
		-1.91284381e-002
		0.345389009
		0.0
		-8.04944113e-002
		0.958987772
		0.2717776
		0.0
		-0.336422503
		-0.282801211
		0.898244619
		0.0
		0.882351816
		-9.35269451
		2.86725736
		1.0
	}
	positions {
		{ '29' (-2.550195@9.679786@-5.140245) }
		{ '20' (-5.256119@6.658711@-3.465965) }
		{ '9' (-2.416337@4.324671@-3.018233) }
		{ '5' (-1.533512@6.639848@-3.201918) }
		{ '1' (-3.532725@7.871871@-3.017303) }
		{ '8' (-2.861604@7.182496@-5.648634) }
		{ '3' (-4.191296@6.884876@-3.640652) }
		{ '19' (-1.564679@8.763587@-2.79047) }
		{ '15' (-0.602976@8.141285@-5.423484) }
		{ '10' (-3.343709@3.554447@-3.175591) }
		{ '22' (-1.408628@5.154782@-4.67644) }
		{ '23' (-2.276055@6.682086@-6.455185) }
		{ '6' (-2.14211@5.521793@-3.920064) }
		{ '2' (-2.076667@7.984411@-3.399846) }
		{ '33' (-0.15104@7.263963@-5.685493) }
		{ '24' (-3.740418@7.624722@-6.172311) }
		{ '31' (-3.726885@9.883724@-5.380472) }
		{ '21' (-3.972321@5.328334@-5.165071) }
		{ '4' (-3.368475@6.112638@-4.648147) }
		{ '18' (-3.993809@8.539004@-2.270075) }
		{ '7' (-1.997101@8.260888@-4.923609) }
	}
}
conformation 'dmex' 'dmex' 'dpen' {
	headTransform {
		0.160541281
		0.836832047
		-0.523391485
		0.0
		-0.85571599
		-0.146269947
		-0.496341884
		0.0
		-0.491911232
		0.52755785
		0.692608178
		0.0
		1.94149399
		4.04109859
		5.03483868
		1.0
	}
	tailTransform {
		-0.670495927
		-0.402566165
		0.623197973
		0.0
		-0.589815557
		-0.220322505
		-0.776901305
		0.0
		0.450058699
		-0.888481021
		-8.97144303e-002
		0.0
		3.95653343
		-6.42492247
		3.97546124
		1.0
	}
	positions {
		{ '29' (-2.628754@4.007905@-8.655457) }
		{ '20' (0.545216@6.581448@-6.948818) }
		{ '9' (1.7394e-002@5.058449@-3.631223) }
		{ '5' (-0.823229@3.498918@-5.384069) }
		{ '1' (2.1576e-002@4.523508@-7.314774) }
		{ '8' (-2.520724@5.451048@-6.568456) }
		{ '3' (-0.111519@5.72296@-6.731431) }
		{ '19' (-0.793098@2.49147@-7.308625) }
		{ '15' (-3.407705@3.129941@-6.463494) }
		{ '10' (0.353072@6.184527@-3.318026) }
		{ '22' (-2.001696@4.645298@-4.078694) }
		{ '23' (-3.425237@5.557662@-5.924706) }
		{ '6' (-1.058219@4.75146@-4.664041) }
		{ '2' (-0.975139@3.489526@-6.845328) }
		{ '33' (-3.254168@2.637087@-5.581563) }
		{ '24' (-2.64655@6.18844@-7.396579) }
		{ '31' (-1.70861@4.069435@-9.450648) }
		{ '21' (-1.349859@6.855565@-5.324944) }
		{ '4' (-1.259985@5.82786@-5.75229) }
		{ '18' (0.805243@4.287701@-8.053908) }
		{ '7' (-2.411116@4.006611@-7.132437) }
	}
}
conformation 'dmex' 'dmex' 'dpex' {
	headTransform {
		0.180909067
		0.808336854
		-0.560235143
		0.0
		-0.856606305
		-0.150369555
		-0.493573278
		0.0
		-0.483215779
		0.569192827
		0.665223241
		0.0
		2.02134109
		4.14076233
		4.86729479
		1.0
	}
	tailTransform {
		-0.695491016
		-0.365449607
		0.6186589
		0.0
		-0.582061946
		-0.21829094
		-0.783296227
		0.0
		0.421302915
		-0.904873312
		-6.08949251e-002
		0.0
		3.80945969
		-6.40370512
		4.0833993
		1.0
	}
	positions {
		{ '29' (-2.361942@4.022584@-8.682364) }
		{ '20' (0.741165@6.57666@-6.81818) }
		{ '9' (3.6851e-002@5.05943@-3.531822) }
		{ '5' (-0.721192@3.502731@-5.325246) }
		{ '1' (0.225513@4.521532@-7.210236) }
		{ '8' (-2.346278@5.464353@-6.595294) }
		{ '3' (6.9302e-002@5.721977@-6.634678) }
		{ '19' (-0.600551@2.493891@-7.246481) }
		{ '15' (-3.248822@3.154457@-6.525791) }
		{ '10' (0.356873@6.184999@-3.201098) }
		{ '22' (-1.958642@4.655406@-4.081563) }
		{ '23' (-3.282878@5.578029@-6.000384) }
		{ '6' (-0.98598@4.756505@-4.617986) }
		{ '2' (-0.799456@3.493032@-6.792539) }
		{ '33' (-3.143802@2.676673@-5.628242) }
		{ '24' (-2.425254@6.201282@-7.429736) }
		{ '31' (-1.400705@4.112086@-9.422604) }
		{ '21' (-1.232503@6.862062@-5.29318) }
		{ '4' (-1.126825@5.83367@-5.715217) }
		{ '18' (1.044653@4.281142@-7.908295) }
		{ '7' (-2.217018@4.017982@-7.15082) }
	}
}
conformation 'dmex' 'dmex' 'dmex' {
	headTransform {
		-0.162123159
		0.774197161
		-0.611829102
		0.0
		-0.614384592
		-0.564385474
		-0.551362514
		0.0
		-0.772170722
		0.286509752
		0.567154765
		0.0
		0.21344544
		4.64230394
		4.92718601
		1.0
	}
	tailTransform {
		-0.789033592
		-0.522067666
		0.323838502
		0.0
		-0.488578767
		0.213676423
		-0.845951021
		0.0
		0.372447014
		-0.825704396
		-0.42366904
		0.0
		3.5241797
		-7.62269211
		3.25179458
		1.0
	}
	positions {
		{ '29' (-2.545865@6.686409@-7.621584) }
		{ '20' (1.369117@7.532757@-5.773342) }
		{ '9' (0.636375@5.041409@-3.100017) }
		{ '5' (-0.78193@4.56944@-5.088868) }
		{ '1' (0.184701@5.986691@-6.695757) }
		{ '8' (-1.844061@7.207894@-5.207849) }
		{ '3' (0.497608@6.859045@-5.727443) }
		{ '19' (-1.20482@4.395473@-7.205307) }
		{ '15' (-3.423346@5.376128@-5.676029) }
		{ '10' (1.350504@5.819157@-2.497141) }
		{ '22' (-1.426887@5.414793@-3.279383) }
		{ '23' (-2.613009@7.308767@-4.406332) }
		{ '6' (-0.544858@5.467852@-3.959726) }
		{ '2' (-1.039105@5.152425@-6.40444) }
		{ '33' (-3.570267@5.179404@-4.684017) }
		{ '24' (-1.791557@8.217044@-5.678472) }
		{ '31' (-1.977135@7.68001@-8.034437) }
		{ '21' (-0.188455@7.657772@-3.807211) }
		{ '4' (-0.469999@6.887018@-4.564539) }
		{ '18' (0.775035@5.857622@-7.618145) }
		{ '7' (-2.251921@6.101488@-6.228976) }
	}
}
conformation 'dmex' 'dmex' 'dmen' {
	headTransform {
		-0.18245478
		0.781057179
		-0.597210109
		0.0
		-0.599040926
		-0.569958866
		-0.562402785
		0.0
		-0.779653907
		0.255140185
		0.571876943
		0.0
		0.119213544
		4.57647181
		4.99120903
		1.0
	}
	tailTransform {
		-0.78680557
		-0.533703446
		0.309996247
		0.0
		-0.492507488
		0.240197122
		-0.836505651
		0.0
		0.371985734
		-0.810842752
		-0.451841384
		0.0
		3.48659849
		-7.70974827
		3.10753417
		1.0
	}
	positions {
		{ '29' (-2.658038@6.788693@-7.514203) }
		{ '20' (1.291258@7.594209@-5.747641) }
		{ '9' (0.630701@5.044476@-3.108222) }
		{ '5' (-0.83862@4.611296@-5.068635) }
		{ '1' (8.6761e-002@6.064514@-6.671118) }
		{ '8' (-1.905757@7.248061@-5.102268) }
		{ '3' (0.422845@6.917149@-5.693067) }
		{ '19' (-1.305133@4.476413@-7.176989) }
		{ '15' (-3.503972@5.436632@-5.59147) }
		{ '10' (1.36114@5.809461@-2.508255) }
		{ '22' (-1.43592@5.418626@-3.227179) }
		{ '23' (-2.652923@7.320992@-4.277484) }
		{ '6' (-0.571935@5.486884@-3.929054) }
		{ '2' (-1.127841@5.220691@-6.36761) }
		{ '33' (-3.650348@5.234487@-4.600931) }
		{ '24' (-1.870579@8.271944@-5.541098) }
		{ '31' (-2.167078@7.842622@-7.877768) }
		{ '21' (-0.213268@7.672596@-3.738583) }
		{ '4' (-0.5137@6.918078@-4.504991) }
		{ '18' (0.652817@5.95735@-7.61138) }
		{ '7' (-2.334768@6.168505@-6.144246) }
	}
}
conformation 'dmen' 'dmex' 'dpen' {
	headTransform {
		0.216741726
		-0.36224398
		0.906533122
		0.0
		-5.33535779e-002
		-0.931614637
		-0.359510154
		0.0
		0.97476995
		2.95540616e-002
		-0.221246779
		0.0
		4.66510296
		4.67295361
		3.11826777
		1.0
	}
	tailTransform {
		0.98909229
		0.139479682
		-4.73479889e-002
		0.0
		-0.140447631
		0.796164691
		-0.588554323
		0.0
		-4.43945713e-002
		0.588784456
		0.807069957
		0.0
		2.52110052
		-4.80846548
		6.52521324
		1.0
	}
	positions {
		{ '29' (-1.843252@9.244941@-1.451346) }
		{ '20' (-5.149943@7.067966@-3.453593) }
		{ '9' (-2.781361@4.449885@-4.532979) }
		{ '5' (-1.828549@5.645397@-2.571563) }
		{ '1' (-3.690505@6.890559@-1.878206) }
		{ '8' (-2.080634@8.211564@-3.758966) }
		{ '3' (-4.091969@6.990716@-3.153141) }
		{ '19' (-1.909281@6.624474@-0.634942) }
		{ '15' (-4.5827e-002@7.814386@-2.389127) }
		{ '10' (-3.585029@4.429473@-5.445083) }
		{ '22' (-1.185225@5.822646@-4.555903) }
		{ '23' (-1.254613@8.331289@-4.498758) }
		{ '6' (-2.145186@5.723341@-3.9956) }
		{ '2' (-2.194414@6.77242@-1.703016) }
		{ '33' (0.409229@6.908003@-2.511677) }
		{ '24' (-2.685881@9.146669@-3.823394) }
		{ '31' (-2.802608@9.265794@-0.701774) }
		{ '21' (-3.357879@7.13665@-5.21106) }
		{ '4' (-2.972553@7.014196@-4.170209) }
		{ '18' (-4.383334@6.866416@-1.020628) }
		{ '7' (-1.513962@8.022856@-2.323231) }
	}
}
conformation 'dmen' 'dmex' 'dpex' {
	headTransform {
		0.218533128
		-0.359141499
		0.907337129
		0.0
		-3.99176851e-002
		-0.93232286
		-0.359417111
		0.0
		0.97501272
		4.23257425e-002
		-0.218079522
		0.0
		4.62338066
		4.73023462
		3.11857271
		1.0
	}
	tailTransform {
		0.988768756
		0.144353256
		-3.87103148e-002
		0.0
		-0.140114889
		0.805229068
		-0.576171875
		0.0
		-5.20016104e-002
		0.575124621
		0.816411376
		0.0
		2.49816275
		-4.88040829
		6.52362585
		1.0
	}
	positions {
		{ '29' (-1.845423@9.272773@-1.533972) }
		{ '20' (-5.14973@7.05557@-3.49445) }
		{ '9' (-2.774068@4.434027@-4.549292) }
		{ '5' (-1.821895@5.657216@-2.60364) }
		{ '1' (-3.684943@6.904868@-1.921304) }
		{ '8' (-2.08767@8.208581@-3.824309) }
		{ '3' (-4.090534@6.986603@-3.196277) }
		{ '19' (-1.898565@6.664556@-0.679862) }
		{ '15' (-4.6278e-002@7.830752@-2.466353) }
		{ '10' (-3.577006@4.402967@-5.461625) }
		{ '22' (-1.182458@5.811479@-4.59104) }
		{ '23' (-1.265538@8.324157@-4.569146) }
		{ '6' (-2.141135@5.715529@-4.027969) }
		{ '2' (-2.187972@6.794685@-1.749099) }
		{ '33' (0.406751@6.924546@-2.600471) }
		{ '24' (-2.696376@9.141267@-3.896655) }
		{ '31' (-2.844153@9.3298@-0.841964) }
		{ '21' (-3.363488@7.108478@-5.258216) }
		{ '4' (-2.97436@7.001019@-4.21713) }
		{ '18' (-4.375098@6.888679@-1.061359) }
		{ '7' (-1.513071@8.038606@-2.389211) }
	}
}
conformation 'dmen' 'dmex' 'dmex' {
	headTransform {
		0.446012825
		-0.178512901
		0.877043724
		0.0
		0.479919821
		-0.779427469
		-0.402703136
		0.0
		0.755479634
		0.600521445
		-0.261962771
		0.0
		2.37727308
		5.9516387
		3.52619672
		1.0
	}
	tailTransform {
		0.951756656
		0.161000162
		0.261224449
		0.0
		-0.137502059
		0.984814525
		-0.10598851
		0.0
		-0.274321795
		6.49563745e-002
		0.959441602
		0.0
		2.19999671
		-6.96125698
		5.71703672
		1.0
	}
	positions {
		{ '29' (-2.779775@9.249396@-4.1801) }
		{ '20' (-6.065678@6.326716@-3.843576) }
		{ '9' (-3.602731@3.542404@-4.046732) }
		{ '5' (-2.439487@5.618462@-3.343652) }
		{ '1' (-4.266801@7.028225@-2.886489) }
		{ '8' (-3.381285@7.153954@-5.536603) }
		{ '3' (-4.967382@6.422287@-3.855223) }
		{ '19' (-2.242983@7.464608@-2.230517) }
		{ '15' (-1.053547@7.559855@-4.836737) }
		{ '10' (-4.590426@3.02319@-4.528893) }
		{ '22' (-2.321292@4.717319@-5.22941) }
		{ '23' (-2.781129@6.870634@-6.432939) }
		{ '6' (-3.090479@4.91798@-4.446336) }
		{ '2' (-2.773178@7.021044@-3.10462) }
		{ '33' (-0.705651@6.737306@-5.332349) }
		{ '24' (-4.128854@7.888196@-5.916858) }
		{ '31' (-3.898132@9.704559@-4.331909) }
		{ '21' (-4.76811@5.446606@-5.805732) }
		{ '4' (-4.135452@5.905789@-5.008374) }
		{ '18' (-4.724561@7.475746@-1.988626) }
		{ '7' (-2.466528@7.763991@-4.429478) }
	}
}
conformation 'dmen' 'dmex' 'dmen' {
	headTransform {
		0.470780075
		-0.185171589
		0.862599313
		0.0
		0.498274446
		-0.75105685
		-0.433169901
		0.0
		0.728071928
		0.633738935
		-0.261316329
		0.0
		2.25439286
		5.91521358
		3.65666556
		1.0
	}
	tailTransform {
		0.946079671
		0.16889672
		0.276418388
		0.0
		-0.154686972
		0.985292792
		-7.25947469e-002
		0.0
		-0.284614056
		2.59220898e-002
		0.95829165
		0.0
		2.21101236
		-7.09438086
		5.58222914
		1.0
	}
	positions {
		{ '29' (-2.723166@9.235355@-4.340075) }
		{ '20' (-6.053176@6.403459@-3.845348) }
		{ '9' (-3.656471@3.556764@-3.97253) }
		{ '5' (-2.433368@5.63029@-3.372266) }
		{ '1' (-4.224438@7.098078@-2.941428) }
		{ '8' (-3.374239@7.097998@-5.608054) }
		{ '3' (-4.953239@6.472192@-3.876015) }
		{ '19' (-2.184425@7.505919@-2.325031) }
		{ '15' (-1.030701@7.507428@-4.959163) }
		{ '10' (-4.664982@3.041758@-4.414804) }
		{ '22' (-2.369478@4.653635@-5.221426) }
		{ '23' (-2.788359@6.760623@-6.495028) }
		{ '6' (-3.120231@4.903313@-4.434515) }
		{ '2' (-2.734236@7.049102@-3.179184) }
		{ '33' (-0.699146@6.676227@-5.450652) }
		{ '24' (-4.109906@7.828035@-6.017843) }
		{ '31' (-3.813199@9.721457@-4.583643) }
		{ '21' (-4.805758@5.415933@-5.788572) }
		{ '4' (-4.150952@5.891833@-5.019354) }
		{ '18' (-4.658696@7.591254@-2.055861) }
		{ '7' (-2.436607@7.737298@-4.536217) }
	}
}
conformation 'strt' 'dmex' 'dpen' {
	headTransform {
		-0.829236865
		0.371048689
		0.417958289
		0.0
		-1.50572713e-002
		-0.762386858
		0.646946371
		0.0
		0.558694482
		0.530178428
		0.63778621
		0.0
		1.91599417
		1.84078944
		-0.376574844
		1.0
	}
	tailTransform {
		0.155819073
		-0.88051194
		-0.447682023
		0.0
		0.802866936
		0.376916945
		-0.461885601
		0.0
		0.575434744
		-0.287458509
		0.765664756
		0.0
		-0.710746169
		-3.12346172
		2.66434956
		1.0
	}
	positions {
		{ '29' (-2.798842@3.091499@-3.251321) }
		{ '20' (-0.206011@-0.402246@-4.086252) }
		{ '9' (2.078834@0.613777@-1.394467) }
		{ '5' (-0.15215@1.653799@-0.987403) }
		{ '1' (-1.440262@0.486014@-2.55974) }
		{ '8' (-0.289611@2.843725@-3.558784) }
		{ '3' (-0.378419@0.422717@-3.37543) }
		{ '19' (-2.320265@1.679258@-0.945852) }
		{ '15' (-1.215415@4.170337@-1.674689) }
		{ '10' (2.8193@4.6106e-002@-2.174588) }
		{ '22' (1.575828@2.652889@-1.639106) }
		{ '23' (0.357528@3.75206@-3.550014) }
		{ '6' (1.063183@1.675867@-1.806228) }
		{ '2' (-1.458805@1.695294@-1.654174) }
		{ '33' (-0.659953@4.173018@-0.816961) }
		{ '24' (-0.69336@2.766573@-4.596066) }
		{ '31' (-3.524985@2.129025@-3.422353) }
		{ '21' (1.419091@1.508993@-3.995019) }
		{ '4' (0.575158@1.592561@-3.268573) }
		{ '18' (-2.227333@-0.28542@-2.521464) }
		{ '7' (-1.446716@2.978545@-2.528876) }
	}
}
conformation 'strt' 'dmex' 'dpex' {
	headTransform {
		-0.844296277
		0.352512389
		0.403607219
		0.0
		-1.51762208e-002
		-0.768598855
		0.639550984
		0.0
		0.535661697
		0.533845305
		0.65427494
		0.0
		1.87836552
		1.86943543
		-0.330088705
		1.0
	}
	tailTransform {
		0.14831683
		-0.869131327
		-0.471818715
		0.0
		0.797801912
		0.387084305
		-0.462253034
		0.0
		0.58439219
		-0.30785796
		0.750805736
		0.0
		-0.677072823
		-3.18799138
		2.64103532
		1.0
	}
	positions {
		{ '29' (-2.755116@3.116399@-3.33027) }
		{ '20' (-0.154729@-0.380151@-4.116012) }
		{ '9' (2.058896@0.605889@-1.357829) }
		{ '5' (-0.177206@1.65422@-1.003168) }
		{ '1' (-1.426195@0.501877@-2.616672) }
		{ '8' (-0.24152@2.862226@-3.56965) }
		{ '3' (-0.34347@0.440795@-3.404644) }
